102
21
0 5
1 5
1 6
2 6
3 6
4 6
5 6
5 7
5 8
6 8
7 8
8 8
9 8
10 8
11 8
11 9
11 10
12 10
12 11
13 11
13 12
YEAH  7 7
True
13 12 141
possible  14 12 137
14 12 137
possible  14 13 136
14 13 136
possible  14 14 128
14 14 128
possible  14 13 120
14 13 120
possible  14 14 112
14 14 112
possible  14 13 104
14 13 104
possible  14 14 96
14 14 96
possible  14 13 88
14 13 88
possible  14 14 80
14 14 80
possible  14 13 72
14 13 72
possible  14 12 64
14 12 64
possible  14 13 63
14 13 63
possible  14 12 55
14 12 55
possible  13 12 54
13 12 54
possible  12 12 50
12 12 50
possible  11 12 49
11 12 49
possible  11 11 47
11 11 47
possible  11 10 47
11 10 47
possible  10 10 47
10 10 47
possible  11 10 46
11 10 46
possible  10 10 46
10 10 46
possible  10 9 45
10 9 45
possible  9 9 42
9 9 42
possible  8 9 42
8 9 42
possible  7 9 38
7 9 38
possible  6 9 30
6 9 30
possible  5 9 28
5 9 28
possible  5 8 25
5 8 25
possible  4 8 24
4 8 24
possible  3 8 23
3 8 23
possible  2 8 14
2 8 14
possible  2 7 14
2 7 14
possible  1 7 14
1 7 14
possible  0 7 12
0 7 12
possible  0 6 9
0 6 9
possible  0 5 7
0 5 7
[(13, 12, 141, 4), (14, 12, 137, 1), (14, 13, 136, 8), (14, 14, 128, 8), (14, 13, 120, 8), (14, 14, 112, 8), (14, 13, 104, 8), (14, 14, 96, 8), (14, 13, 88, 8), (14, 14, 80, 8), (14, 13, 72, 8), (14, 12, 64, 1), (14, 13, 63, 8), (14, 12, 55, 1), (13, 12, 54, 4), (12, 12, 50, 1), (11, 12, 49, 2), (11, 11, 47, 0), (11, 10, 47, 0), (10, 10, 47, 1), (11, 10, 46, 0), (10, 10, 46, 1), (10, 9, 45, 3), (9, 9, 42, 0), (8, 9, 42, 4), (7, 9, 38, 8), (6, 9, 30, 2), (5, 9, 28, 3), (5, 8, 25, 1), (4, 8, 24, 1), (3, 8, 23, 9), (2, 8, 14, 0), (2, 7, 14, 0), (1, 7, 14, 2), (0, 7, 12, 3), (0, 6, 9, 2), (0, 5, 7, 7)]
