1000 999
1 691
1 533
4 563
6 554
8 527
8 131
9 887
9 440
10 337
10 189
10 123
11 812
13 77
13 687
15 468
15 790
17 428
18 288
18 649
18 588
22 586
22 877
25 84
26 799
26 396
27 569
27 875
27 184
27 209
27 619
28 237
28 418
28 731
28 51
29 714
30 361
30 309
32 931
34 524
34 572
34 895
35 658
36 63
38 681
39 539
39 454
40 205
41 195
44 301
47 357
49 992
56 695
56 377
57 953
58 893
58 630
61 306
62 231
63 768
63 386
63 910
63 292
63 947
66 888
68 115
69 104
69 32
70 665
70 688
71 463
73 352
73 218
73 404
74 208
74 296
77 700
77 608
80 810
81 703
82 902
82 564
84 48
85 921
87 229
89 1
89 704
90 664
93 922
94 513
96 673
96 46
100 988
104 500
105 755
109 647
109 889
109 752
110 448
111 73
111 163
111 738
112 376
113 675
114 411
117 291
118 680
118 27
119 222
119 186
122 203
123 146
123 24
124 854
125 729
126 899
127 956
128 631
130 384
130 98
132 927
134 324
138 289
141 54
144 483
146 170
146 917
146 383
149 190
150 74
150 464
151 960
152 721
152 907
153 727
155 462
155 458
156 979
158 274
160 998
163 213
163 935
165 250
166 133
167 713
168 726
169 112
169 938
170 891
171 450
173 270
174 903
175 398
175 374
175 990
177 37
181 958
182 86
182 617
185 34
185 169
185 25
186 984
186 511
190 614
191 746
191 234
191 432
192 298
194 999
194 176
196 20
196 624
196 207
197 370
197 371
198 791
198 759
200 670
200 69
200 387
201 995
201 466
201 415
204 421
204 551
204 385
206 130
206 364
206 707
208 228
208 689
208 369
208 45
209 589
211 232
211 472
211 304
211 530
212 256
212 62
213 672
218 668
218 580
219 100
220 249
222 898
222 643
222 914
223 502
224 82
228 716
228 843
228 648
229 795
229 763
229 939
230 945
231 262
232 221
235 526
237 441
238 503
241 546
242 867
247 607
247 872
247 409
250 549
250 16
250 285
251 646
251 715
252 654
254 718
254 818
255 911
255 728
256 38
256 47
257 736
259 388
261 510
261 507
263 724
264 134
264 970
264 7
264 535
265 576
266 312
266 18
267 814
267 788
269 453
270 508
271 991
272 832
274 294
275 80
275 489
277 240
277 14
278 894
280 368
281 949
282 284
282 42
284 522
284 573
284 982
284 44
285 531
286 28
287 339
288 971
288 122
289 803
289 632
289 633
292 685
293 627
295 610
295 378
295 501
296 136
297 39
297 379
299 426
300 706
304 451
307 35
308 996
308 151
309 479
309 465
309 964
312 651
313 892
314 918
316 330
319 809
319 637
320 419
321 841
321 485
324 161
327 555
327 286
328 536
331 652
331 206
331 751
331 820
331 242
332 109
332 116
333 300
334 445
334 476
336 659
336 869
339 733
340 603
342 977
342 514
343 269
343 257
344 142
345 360
347 598
348 579
348 397
348 53
348 582
349 473
350 334
352 693
353 310
354 277
354 959
356 31
357 3
359 622
360 602
361 259
364 423
365 860
365 870
366 350
367 642
367 414
367 168
367 461
368 815
368 896
369 518
369 941
369 626
369 83
370 132
372 937
372 491
373 246
373 443
373 683
374 570
374 481
375 413
376 114
381 125
381 756
384 318
384 604
388 474
390 842
391 407
394 762
394 661
394 382
395 972
395 560
395 541
395 328
396 217
396 747
397 482
400 198
401 108
401 674
402 943
406 346
407 329
409 497
409 758
409 628
411 267
413 215
414 446
414 197
417 785
417 699
418 91
419 408
420 702
420 821
420 900
421 9
421 676
421 129
423 402
428 452
429 520
431 590
433 879
434 255
435 961
435 629
435 519
436 920
436 121
438 66
438 671
439 596
440 103
440 444
440 886
443 333
443 406
444 957
444 561
445 936
446 987
448 390
450 243
451 302
452 484
453 553
453 67
454 769
457 341
457 521
457 739
457 30
460 70
460 529
460 335
461 264
461 868
461 124
463 128
463 986
464 662
465 697
465 906
468 709
468 290
468 504
471 732
471 764
471 566
471 268
474 322
474 840
475 817
475 424
477 924
479 934
479 858
480 641
480 494
482 320
482 734
483 859
483 135
483 638
484 427
488 305
491 477
493 782
493 226
494 140
495 410
497 365
497 811
497 154
497 885
498 348
499 690
502 743
502 813
507 366
507 343
508 159
508 375
508 583
510 412
511 60
513 261
514 574
515 248
515 861
515 926
517 94
517 993
518 183
521 663
521 950
522 436
524 439
524 679
524 801
525 41
525 107
525 557
527 272
527 258
532 545
533 144
533 85
533 81
537 789
537 11
538 577
538 512
539 338
539 537
539 166
539 449
540 475
541 625
544 181
544 480
546 180
548 238
550 1000
550 650
550 405
551 340
553 538
553 904
553 890
557 210
560 656
560 901
560 392
561 78
561 925
565 605
567 52
568 65
568 199
569 946
569 230
569 761
570 599
572 550
573 433
575 241
576 185
576 49
577 592
579 175
581 969
583 266
583 660
583 963
584 99
586 684
587 417
588 666
588 591
588 253
589 165
589 846
589 944
591 158
591 349
593 245
593 487
595 836
595 897
596 21
597 786
598 973
599 342
599 275
599 855
600 722
602 912
602 64
603 975
606 359
607 455
607 857
608 754
611 942
611 916
612 880
614 431
616 534
617 623
618 816
618 106
618 395
618 393
618 311
619 403
623 95
624 825
624 826
624 200
625 800
626 356
626 401
626 488
627 781
627 263
629 606
630 457
632 772
637 314
637 105
638 532
639 556
640 878
641 744
641 89
642 774
643 344
645 798
645 775
645 126
645 316
646 565
646 153
647 281
647 15
649 354
649 874
649 618
651 323
652 96
652 55
653 615
654 26
656 87
656 299
657 740
657 737
659 719
660 940
660 928
660 639
660 948
665 282
665 469
666 495
667 767
668 967
668 915
669 244
670 40
670 852
670 50
670 101
672 865
672 881
673 23
674 141
675 437
676 682
679 765
680 127
682 225
686 434
688 331
689 844
691 640
691 394
691 279
691 955
691 741
692 597
693 787
695 29
695 224
695 353
695 797
696 456
697 677
699 93
699 273
699 71
699 280
704 585
704 778
705 319
705 471
706 653
709 749
709 611
710 698
710 829
710 19
710 552
711 177
711 783
712 233
712 362
712 416
712 635
714 793
714 780
715 438
715 908
717 845
717 211
717 499
718 358
720 919
720 692
720 204
720 562
722 866
723 837
724 303
724 496
724 571
726 528
728 559
728 830
728 252
728 981
730 293
730 119
734 214
734 470
734 701
734 492
734 88
737 616
737 578
740 355
742 745
742 235
743 2
743 711
744 849
744 828
744 506
746 422
747 806
747 742
748 219
749 283
750 694
752 612
754 994
755 951
756 460
757 399
757 33
759 997
759 196
759 187
762 777
762 373
762 523
763 542
765 581
765 621
765 678
767 478
768 430
769 111
769 932
769 223
769 667
772 796
773 748
773 59
774 773
774 517
775 544
775 138
775 609
775 601
777 381
778 148
779 58
780 239
781 155
782 540
784 989
785 965
785 802
786 72
790 435
790 236
791 459
792 657
792 568
794 149
795 807
797 794
797 325
798 686
798 118
798 966
800 655
802 36
803 770
803 68
805 923
806 5
806 315
808 43
810 862
812 930
812 636
819 220
824 864
825 332
825 498
827 848
827 882
828 10
828 150
829 525
829 976
830 983
831 730
833 287
834 13
834 202
839 760
839 152
840 613
843 313
843 644
843 102
844 883
844 753
850 156
852 779
853 985
853 12
854 819
855 76
859 839
860 735
861 174
861 17
862 575
865 265
866 933
868 297
870 326
870 4
871 593
872 833
872 980
872 110
873 372
873 822
874 160
874 400
874 962
875 792
878 490
879 876
881 696
881 757
882 321
882 584
882 486
882 182
883 515
883 547
884 164
885 905
886 493
887 771
889 179
889 391
891 913
893 847
895 968
895 467
897 90
899 634
900 835
900 823
901 22
901 172
901 425
902 173
902 145
904 193
904 157
904 188
906 97
907 380
909 345
909 863
910 705
911 766
911 850
911 117
912 567
914 509
914 429
915 201
915 308
915 871
915 929
918 954
919 278
921 600
921 909
922 851
924 978
924 838
925 6
925 856
926 260
927 720
927 712
928 717
928 336
929 75
932 137
932 143
933 295
934 61
934 543
937 191
938 516
940 167
940 79
941 884
942 952
942 307
943 620
943 853
945 212
945 784
946 558
948 750
949 171
950 505
951 178
951 347
952 420
952 723
952 974
952 317
954 710
954 645
954 147
954 247
955 725
955 824
957 827
958 805
963 162
965 139
965 254
966 194
966 669
969 327
969 57
972 831
974 363
974 92
977 708
977 595
977 776
978 594
979 56
981 834
981 120
982 216
982 389
983 367
983 8
983 251
983 442
985 192
985 271
989 804
990 351
993 808
995 276
996 227
996 113
997 873
999 447
999 548
