1000 999
1 99
2 653
3 651
4 653
5 653
5 526
6 266
7 74
8 266
9 518
10 266
11 653
12 204
13 653
14 653
15 653
16 653
17 266
18 653
19 653
20 653
21 653
21 841
21 312
22 653
23 653
24 653
24 806
24 832
25 653
26 266
27 266
28 653
29 653
30 653
31 653
32 74
33 653
34 653
34 812
35 653
36 915
37 653
38 653
39 347
40 653
40 888
41 204
42 653
43 653
44 653
45 653
46 204
47 653
48 266
49 653
50 653
51 266
52 653
53 653
54 653
55 518
56 651
57 291
58 653
59 653
60 653
61 266
62 266
63 653
64 653
65 126
66 653
67 204
68 266
69 653
70 266
71 518
72 653
73 266
74 653
74 233
74 571
74 666
74 369
74 603
74 139
74 922
74 813
74 926
74 230
74 362
74 241
74 661
74 422
74 669
74 797
74 429
74 638
74 285
74 400
74 785
74 349
74 216
74 862
74 118
74 586
74 823
74 472
74 976
75 653
76 204
77 653
78 653
79 653
80 653
81 414
82 266
83 204
84 653
85 653
86 653
87 653
88 653
89 653
90 653
90 778
90 249
90 563
90 882
90 864
91 653
91 239
91 774
92 653
93 653
94 653
95 653
96 653
97 653
98 653
99 653
99 439
99 993
99 454
99 534
99 298
99 460
99 406
99 899
99 574
99 593
99 430
99 960
99 706
99 417
99 107
99 828
99 282
99 868
100 653
101 653
102 736
103 853
104 653
105 653
106 653
108 653
109 653
110 653
110 497
110 821
110 728
110 456
110 132
111 653
112 204
113 651
114 204
115 653
116 204
117 653
119 653
120 653
121 653
122 915
123 653
124 250
125 653
126 653
126 411
126 877
127 204
128 653
129 653
130 653
131 816
133 653
134 653
135 518
136 653
137 653
138 653
140 653
141 653
142 653
143 653
144 266
145 518
146 653
147 653
148 653
149 518
150 653
151 653
152 653
153 653
154 651
155 653
156 653
157 653
158 266
159 653
160 653
161 266
162 653
163 653
164 653
165 348
166 653
167 653
168 653
169 653
170 204
171 266
172 266
173 653
174 414
175 653
176 653
177 653
178 653
179 653
180 653
181 266
182 653
183 653
184 204
185 653
186 653
187 653
188 515
189 653
189 855
189 872
189 811
189 996
190 653
191 653
192 653
193 784
194 653
195 653
196 653
197 653
198 653
199 653
200 266
201 653
202 653
203 651
204 653
204 781
204 304
204 416
204 746
204 938
204 994
204 695
204 966
204 949
204 923
204 800
204 810
204 333
204 261
204 807
204 482
204 213
204 412
204 934
204 443
204 517
204 630
204 321
204 865
204 886
204 399
204 413
204 305
204 725
204 912
204 205
204 670
204 990
204 568
204 375
204 939
204 492
204 502
204 301
204 558
204 356
204 665
204 587
204 724
204 467
204 611
204 612
204 299
204 441
206 653
206 384
207 653
208 653
209 653
210 653
211 653
212 653
214 653
215 653
217 266
218 891
219 653
220 653
221 653
222 653
223 334
224 266
225 651
226 653
227 653
228 266
229 653
231 653
232 653
234 266
235 653
236 653
237 653
238 653
240 518
242 653
243 653
244 653
245 266
246 834
247 653
248 266
250 653
250 970
250 276
250 682
250 776
250 729
250 476
250 583
250 722
250 303
251 653
252 653
253 653
254 266
255 653
256 266
257 653
258 653
259 653
260 653
262 653
263 653
264 653
264 453
265 653
266 653
266 677
266 378
266 909
266 486
266 567
266 588
266 945
266 974
266 458
266 809
266 311
266 543
266 683
266 407
266 626
266 679
266 374
266 904
266 539
266 762
266 716
266 963
266 383
266 278
266 553
266 946
266 988
266 524
266 968
266 615
266 743
266 627
266 648
266 410
266 640
266 902
266 858
266 887
266 820
266 929
266 726
266 351
266 879
266 772
266 730
266 826
266 753
266 436
266 284
266 354
266 391
266 478
266 616
266 987
266 838
266 408
266 873
266 880
266 782
266 759
266 769
266 570
266 961
266 487
266 701
266 363
266 848
266 601
266 388
266 324
266 617
267 653
268 653
269 653
270 653
271 653
272 653
273 653
274 653
275 653
277 653
279 653
280 653
281 653
283 653
286 653
287 653
288 653
289 653
290 653
291 653
291 803
291 599
291 332
292 653
293 653
294 653
295 653
296 653
297 653
300 653
302 653
306 653
307 653
308 653
309 653
310 653
310 314
313 653
315 653
316 653
317 653
318 653
319 432
320 653
322 653
323 653
325 653
326 653
327 653
328 653
329 653
330 653
331 653
334 653
335 653
336 653
337 653
338 653
338 654
339 653
339 521
340 653
341 653
342 518
343 653
344 653
345 857
346 653
347 653
347 397
347 457
348 653
350 653
352 891
353 653
355 653
357 653
358 653
359 653
359 788
360 653
361 702
364 653
365 518
366 744
367 653
368 653
370 518
371 653
372 653
373 653
376 653
377 653
379 653
380 653
381 653
382 653
385 653
386 518
387 653
389 653
390 653
392 653
393 653
394 653
395 653
396 653
398 653
401 653
402 653
403 942
404 651
405 518
409 653
414 653
414 483
414 527
415 653
418 653
419 653
420 653
421 653
423 653
424 653
425 653
426 653
427 709
428 653
431 653
432 653
432 916
433 653
434 653
435 653
437 653
438 653
440 915
442 653
444 653
445 653
446 653
447 653
448 651
449 653
450 653
451 653
452 653
455 653
459 653
461 653
462 653
463 653
464 653
465 653
466 653
468 653
469 653
470 653
471 653
473 653
474 653
475 651
477 653
477 793
479 653
480 653
481 653
484 653
485 653
488 653
489 653
490 653
491 653
493 653
494 653
495 518
496 653
498 653
499 653
500 653
501 518
503 653
504 653
505 653
506 653
507 653
508 653
509 653
510 653
511 653
512 653
513 518
514 653
514 997
515 653
515 551
515 845
516 653
518 653
518 964
518 958
518 704
518 664
518 932
518 542
518 871
518 770
518 649
518 637
518 991
518 565
518 727
518 686
518 662
518 687
518 973
519 653
520 653
522 653
523 653
525 653
528 653
529 653
530 915
531 653
532 653
533 653
535 653
536 653
537 653
538 653
540 653
541 653
544 653
545 653
545 557
546 653
547 653
548 653
549 653
550 653
552 653
554 651
555 653
556 653
559 653
560 653
561 653
562 653
564 653
566 653
569 653
572 653
573 653
575 653
576 653
577 653
578 653
579 653
580 653
581 653
582 653
584 653
585 653
589 653
590 653
590 694
591 653
592 653
594 653
595 653
596 653
597 653
598 653
600 653
602 653
604 653
605 653
606 653
607 653
608 653
609 653
610 653
613 915
614 653
618 653
619 653
620 653
621 653
622 653
623 653
624 653
625 651
628 653
629 891
631 653
632 653
633 653
634 891
635 653
636 653
639 653
641 653
642 653
643 653
644 653
645 917
646 653
647 653
650 653
651 653
651 652
651 691
651 742
651 977
651 804
651 673
653 915
653 891
653 744
653 709
653 736
653 853
653 857
653 942
653 956
653 784
653 918
653 675
653 844
653 989
653 702
653 834
653 720
653 917
653 816
653 690
653 747
653 881
653 749
653 972
653 696
653 734
653 979
653 962
653 901
653 717
653 884
653 874
653 978
653 814
653 971
653 754
653 878
653 981
653 658
653 889
653 840
653 714
653 723
653 741
653 943
653 802
653 894
653 980
653 792
653 767
653 808
653 756
653 817
653 710
653 924
653 849
653 846
653 827
653 986
653 685
653 656
653 668
653 731
653 953
653 831
653 875
653 748
653 789
653 859
653 663
653 681
653 740
653 842
653 818
653 914
653 843
653 660
653 837
653 684
653 719
653 805
653 713
653 799
653 745
653 755
653 764
653 819
653 659
653 919
653 931
653 779
653 984
653 737
653 750
653 699
653 920
653 711
653 815
653 885
653 944
653 712
653 791
653 908
653 752
653 933
653 757
653 905
653 861
653 676
653 860
653 957
653 708
653 890
653 697
653 925
653 954
653 830
653 869
653 907
653 982
653 655
653 948
653 672
653 703
653 786
653 985
653 967
653 698
653 866
653 921
653 674
653 1000
653 867
653 780
653 951
653 992
653 795
653 851
653 950
653 850
653 692
653 693
653 898
653 777
653 751
653 911
653 870
653 965
653 760
653 688
653 680
653 835
653 829
653 983
653 790
653 969
653 667
653 856
653 707
653 941
653 906
653 796
653 854
653 959
653 824
653 735
653 937
653 733
653 775
653 847
653 787
653 657
653 935
653 839
653 893
653 715
653 975
653 998
653 822
653 892
653 718
653 940
653 897
653 758
653 876
653 836
653 768
653 900
653 852
653 947
653 883
653 794
653 910
653 738
653 705
653 930
653 928
653 732
653 927
653 952
653 766
653 700
653 761
653 913
653 895
653 671
653 773
653 896
653 783
653 678
653 771
653 863
653 739
675 995
689 844
690 955
720 763
721 915
736 833
747 801
765 891
798 891
825 956
891 999
903 989
918 936
