2500 2499
1 714
2 305
3 714
4 714
5 714
6 714
7 714
8 714
8 214
8 652
9 714
10 355
11 714
12 266
13 535
14 827
15 535
16 671
17 305
18 714
19 266
20 714
21 951
22 266
23 988
24 213
25 648
26 714
27 714
28 714
29 714
30 714
31 420
32 535
33 714
34 714
35 460
36 714
37 714
38 305
39 714
40 535
41 266
42 714
42 702
43 527
44 714
45 305
46 714
46 732
47 714
48 714
49 714
50 527
51 714
52 673
53 305
54 114
55 305
56 305
57 535
58 305
59 714
60 714
61 714
62 714
63 673
64 714
65 714
66 714
67 714
68 535
69 714
70 631
71 714
72 213
73 92
74 535
75 135
76 673
77 673
78 535
79 951
80 714
81 305
82 714
83 305
84 714
85 714
86 714
87 305
88 535
89 714
90 714
91 714
92 714
93 714
94 535
95 714
96 714
96 807
97 305
98 809
99 714
100 135
101 714
102 714
103 714
104 673
105 576
106 714
107 714
108 714
109 951
110 714
111 673
112 714
113 266
114 714
114 281
114 588
114 746
115 291
116 714
117 714
118 951
119 714
120 535
121 714
122 673
123 332
124 266
125 305
126 714
127 714
128 547
129 714
130 266
131 714
132 266
133 714
134 305
135 714
135 776
135 724
135 392
135 887
136 714
137 535
138 714
139 714
140 305
141 714
142 714
143 714
144 714
145 714
146 840
147 714
148 714
149 714
150 714
151 714
151 788
151 989
151 381
151 808
151 290
151 657
151 949
151 190
151 683
152 714
152 440
153 714
154 527
155 714
156 714
157 714
158 714
159 714
160 527
161 317
162 714
163 714
164 714
165 266
166 714
167 714
168 714
169 714
170 714
171 714
172 535
173 673
174 714
175 714
176 951
177 714
178 535
179 714
180 714
181 714
182 714
183 714
184 714
184 873
185 714
186 527
187 535
188 714
189 714
191 714
192 714
193 535
194 714
195 714
196 714
197 714
198 714
199 535
200 714
201 420
202 535
203 714
204 535
205 714
206 535
207 714
208 703
209 714
210 714
211 714
212 714
212 839
213 714
213 922
215 535
216 714
217 714
218 714
219 535
220 535
221 714
222 714
223 714
224 714
225 714
226 714
227 535
228 714
229 714
230 714
231 714
232 714
233 714
234 714
235 714
236 535
237 535
238 714
239 951
240 714
241 535
242 714
243 535
244 305
245 714
246 673
247 714
247 277
248 714
249 714
250 714
251 535
252 714
253 305
254 714
254 803
254 629
255 714
256 714
257 714
258 673
259 673
260 714
261 714
262 714
263 714
264 714
265 714
266 714
266 739
266 356
266 308
266 883
266 553
266 573
266 962
266 893
266 927
266 482
266 446
266 379
266 326
266 686
267 714
267 373
268 305
269 714
269 543
270 714
271 305
272 305
273 714
274 714
275 673
276 305
278 535
279 714
280 714
282 988
283 714
284 535
285 714
286 714
287 714
288 714
289 714
291 714
292 714
293 535
294 714
295 714
296 535
297 714
298 714
299 714
300 535
301 714
302 535
303 714
304 714
305 714
305 610
305 907
305 347
305 755
305 952
305 780
305 598
305 836
305 583
305 884
305 346
305 820
305 764
305 565
305 551
305 937
305 613
305 322
305 846
305 329
305 700
305 832
305 968
305 881
305 679
305 570
305 698
305 350
305 639
306 307
307 714
309 535
310 535
311 714
312 714
313 714
314 714
314 817
315 714
316 714
317 714
318 714
319 714
320 714
321 527
323 714
324 714
325 535
327 714
328 714
330 714
331 714
332 714
333 714
334 714
335 714
336 714
337 714
338 714
339 714
340 714
341 714
342 714
343 840
344 714
345 714
348 535
349 673
351 714
352 714
353 714
354 714
355 714
357 714
358 714
359 714
359 711
360 988
361 714
362 714
363 535
364 714
365 714
366 714
367 535
368 714
369 714
370 714
371 494
372 414
374 714
375 631
376 988
377 714
378 714
380 714
382 714
383 714
384 714
385 714
385 606
386 527
387 673
388 420
389 714
390 714
391 721
393 951
394 714
395 714
396 535
397 714
398 714
399 988
400 951
401 714
402 714
403 714
404 714
405 714
406 535
407 714
408 714
409 714
410 535
411 631
412 535
413 714
414 714
415 714
416 951
417 714
418 714
419 527
420 714
421 714
422 535
423 714
424 714
425 951
426 535
427 714
428 535
429 714
430 951
431 714
432 673
433 714
434 951
435 714
436 714
437 535
438 714
439 714
441 714
442 714
443 714
444 714
445 714
447 714
448 714
449 714
450 714
451 714
452 535
453 527
454 535
455 714
456 631
457 714
458 714
459 631
460 714
461 714
462 714
463 714
464 714
465 535
466 714
467 714
468 714
469 714
470 714
471 714
472 714
473 714
474 714
475 714
476 714
477 714
478 714
479 714
480 673
481 714
483 714
484 535
485 714
486 714
487 714
488 714
488 600
489 535
490 714
491 714
492 714
493 535
494 714
495 714
496 535
497 714
498 714
499 714
500 714
501 714
502 535
503 951
504 714
505 951
506 714
507 714
508 714
509 714
510 714
511 714
512 714
513 714
514 714
515 714
516 714
517 673
518 714
519 925
520 535
521 673
522 843
523 673
524 714
525 535
526 714
527 714
527 775
527 872
527 946
527 585
527 603
527 921
527 971
527 891
527 669
528 863
529 714
530 714
531 535
532 673
533 714
534 714
535 714
535 799
535 655
535 822
535 563
535 812
535 902
535 659
535 982
535 942
535 934
535 627
535 712
535 705
535 975
535 944
535 912
535 909
535 870
535 646
535 559
535 666
535 560
535 549
535 979
535 575
535 729
535 974
535 779
535 814
535 844
535 970
535 649
535 787
535 693
535 818
535 877
535 612
535 539
535 653
535 554
535 545
535 861
535 680
535 767
535 581
535 984
535 959
535 993
535 662
535 718
535 618
535 609
535 596
535 930
535 813
536 714
537 714
538 714
540 714
541 714
542 714
544 890
546 714
547 714
548 714
550 714
552 714
555 890
556 988
557 714
558 714
561 714
562 673
564 714
566 714
567 714
568 714
569 673
571 714
572 714
574 840
576 714
577 714
578 714
579 988
580 714
582 714
584 714
586 673
587 714
589 714
590 714
591 714
592 795
593 714
594 714
595 737
597 714
599 714
601 714
602 714
603 1709
604 714
605 714
607 714
608 714
611 673
614 714
615 714
616 714
617 935
619 714
619 681
620 714
621 714
622 714
623 714
624 714
625 714
626 714
628 714
630 714
631 714
631 667
632 714
633 714
634 714
635 964
636 714
637 714
638 714
640 714
641 714
642 714
643 714
644 840
645 714
647 714
648 714
650 714
651 714
654 714
656 714
658 714
660 714
661 714
663 714
664 673
665 714
668 673
670 714
671 714
672 840
673 714
673 940
673 841
673 933
673 901
673 981
673 856
673 696
673 828
673 762
673 682
673 710
673 939
673 996
674 714
675 714
676 714
677 714
678 714
684 714
685 714
687 714
688 714
689 994
690 714
690 708
691 714
692 714
694 714
695 714
697 714
699 714
701 714
703 714
704 714
704 854
706 714
707 714
709 714
713 714
714 951
714 988
714 840
714 890
714 809
714 964
714 967
714 738
714 827
714 863
714 737
714 795
714 935
714 963
714 843
714 721
714 925
714 994
714 869
714 742
714 972
714 833
714 867
714 849
714 765
714 826
714 911
714 734
714 763
714 903
714 796
714 815
714 838
714 757
714 847
714 929
714 900
714 741
714 985
714 866
714 868
714 792
714 871
714 823
714 892
714 878
714 926
714 768
714 810
714 941
714 733
714 835
714 859
714 825
714 749
714 720
714 715
714 958
714 980
714 853
714 857
714 954
714 740
714 978
714 800
714 969
714 948
714 899
714 747
714 915
714 904
714 886
714 744
714 898
714 794
714 874
714 783
714 750
714 905
714 824
714 865
714 773
714 1000
714 960
714 748
714 754
714 956
714 908
714 992
714 728
714 725
714 991
714 723
714 977
714 801
714 894
714 864
714 931
714 806
714 760
714 793
714 885
714 716
714 782
714 851
714 889
714 753
714 987
714 928
714 916
714 855
714 834
714 769
714 965
714 778
714 973
714 936
714 961
714 876
714 804
714 830
714 943
714 842
714 998
714 743
714 879
714 786
714 858
714 888
714 848
714 802
714 816
714 947
714 957
714 983
714 860
714 920
714 950
714 910
714 986
714 995
714 821
714 917
714 852
714 953
714 923
714 726
714 875
714 896
714 758
714 914
714 761
714 955
714 797
714 722
714 791
714 770
714 880
714 766
714 924
714 897
714 831
714 772
714 781
714 745
714 805
714 774
714 829
714 717
714 938
714 895
714 837
714 919
714 966
714 918
714 777
714 730
714 719
714 990
714 819
714 785
714 736
714 751
714 771
714 976
714 752
714 999
727 840
731 963
735 951
738 845
756 827
759 988
784 951
789 809
790 951
798 988
809 850
809 913
809 906
809 997
811 963
862 951
882 890
932 951
945 967
1001 1976
1002 1263
1003 1263
1004 1263
1005 1483
1006 1976
1007 1050
1008 1263
1009 1285
1010 1263
1011 1263
1012 1263
1013 1263
1014 1263
1015 1263
1016 1976
1017 1285
1018 1285
1019 1263
1020 1263
1021 1263
1022 1263
1023 1263
1024 1263
1025 1976
1026 1263
1027 1263
1028 1792
1029 1263
1030 1483
1031 1263
1032 1263
1033 1263
1034 1263
1035 1503
1036 1503
1037 1493
1038 1263
1039 1285
1040 1263
1041 1263
1042 1263
1043 1263
1044 1285
1045 1263
1046 1263
1047 1976
1048 1263
1049 1263
1050 1263
1050 1704
1050 1659
1050 1780
1050 1590
1050 1200
1050 1589
1050 1371
1050 1813
1050 1734
1050 1750
1050 1479
1050 1327
1050 1320
1050 1993
1050 1949
1050 1756
1050 1657
1050 1089
1050 1472
1050 1331
1050 1112
1050 1627
1050 1829
1050 1052
1051 1263
1053 1263
1054 1263
1055 1263
1056 1263
1057 1263
1057 1729
1057 1967
1057 1929
1057 1346
1057 1462
1057 1075
1057 1764
1057 1701
1058 1493
1059 1263
1060 1263
1061 1503
1062 1483
1063 1263
1064 1841
1065 1692
1066 1285
1067 1892
1068 1483
1069 1263
1070 1263
1071 1263
1072 1767
1073 1263
1074 1263
1076 1976
1077 1263
1078 1263
1079 1263
1080 1263
1081 1285
1082 1285
1083 1892
1084 1263
1085 1285
1086 1285
1087 1263
1088 1285
1090 1285
1091 1285
1092 1263
1093 1285
1094 1600
1095 1263
1096 1263
1097 1285
1098 1308
1099 1263
1100 1263
1101 1263
1102 1285
1103 1503
1104 1263
1105 1285
1106 1263
1106 1793
1107 1263
1108 1263
1109 1263
1110 1263
1111 1263
1113 1263
1114 1263
1115 1674
1116 1285
1117 1976
1118 1263
1119 1263
1120 1263
1121 1263
1122 1263
1123 1493
1124 1263
1125 1483
1126 1384
1127 1263
1128 1263
1129 1263
1130 1285
1131 1263
1132 1503
1133 1263
1134 1263
1134 1916
1134 1985
1134 1990
1135 1263
1136 1263
1137 1263
1138 1263
1139 1976
1140 1263
1141 1263
1142 1976
1143 1285
1144 1285
1145 1263
1146 1263
1147 1263
1148 1263
1149 1263
1150 1503
1151 1263
1152 1263
1153 1263
1154 1263
1155 1263
1156 1263
1157 1263
1158 1263
1159 1514
1160 1263
1161 1263
1162 1976
1163 1263
1164 1263
1165 1976
1166 1263
1167 1263
1168 1503
1169 1976
1170 1285
1171 1263
1172 1263
1173 1263
1174 1263
1175 1263
1176 1263
1177 1263
1178 1263
1179 1263
1180 1263
1181 1263
1182 1263
1183 1635
1184 1263
1185 1263
1186 1263
1187 1263
1188 1976
1189 1263
1189 1249
1190 1263
1191 1263
1192 1263
1193 1976
1194 1263
1195 1263
1196 1263
1197 1263
1198 1514
1199 1285
1201 1263
1202 1263
1203 1263
1204 1285
1205 1263
1206 1263
1207 1976
1208 1976
1209 1263
1210 1976
1211 1285
1212 1263
1213 1263
1214 1263
1215 1263
1216 1263
1217 1263
1218 1263
1219 1263
1220 1976
1221 1976
1222 1263
1223 1263
1224 1285
1225 1697
1226 1285
1227 1892
1228 1263
1229 1263
1230 1285
1231 1285
1232 1263
1233 1483
1234 1263
1234 1811
1235 1263
1235 1883
1235 1735
1235 1751
1235 1984
1236 1263
1237 1263
1238 1285
1239 1263
1240 1285
1241 1285
1242 1263
1242 1641
1243 1503
1244 1263
1245 1658
1246 1677
1247 1263
1248 1263
1250 1357
1251 1263
1252 1263
1253 1263
1254 1263
1255 1263
1256 1263
1257 1514
1258 1263
1259 1263
1260 1263
1261 1263
1262 1263
1263 1285
1263 1976
1263 1503
1263 1493
1263 1483
1263 1892
1263 1514
1263 1768
1263 1815
1263 1792
1263 1650
1263 1480
1263 1600
1263 1692
1263 1578
1263 1542
1263 1715
1263 1384
1263 1674
1263 1410
1263 1965
1263 1697
1263 1473
1263 1635
1263 1618
1263 1563
1263 1308
1263 1783
1263 1909
1263 1381
1263 1979
1263 1969
1263 1847
1263 1904
1263 1593
1263 1523
1263 1841
1263 1584
1263 1616
1263 1282
1263 1357
1263 1767
1263 1305
1263 1658
1263 1495
1263 1677
1263 1933
1263 1468
1263 1943
1263 1962
1263 1662
1263 1373
1263 1489
1263 1957
1263 1850
1263 1917
1263 1647
1263 1299
1263 1574
1263 1762
1263 1788
1263 1476
1263 1891
1263 1693
1263 1535
1263 1615
1263 1681
1263 1787
1263 1273
1263 1506
1263 1972
1263 1459
1263 1713
1263 1482
1263 1989
1263 1475
1263 1826
1263 1318
1263 1653
1263 1288
1263 1995
1263 1300
1263 1790
1263 1821
1263 1520
1263 1870
1263 1879
1263 1718
1263 1596
1263 1454
1263 1575
1263 1481
1263 1939
1263 1672
1263 1766
1263 1516
1263 1283
1263 1517
1263 1867
1263 1421
1263 1843
1263 1450
1263 1286
1263 1386
1263 1705
1263 1605
1263 1537
1263 1420
1263 1774
1263 1727
1263 1326
1263 1484
1263 1737
1263 1810
1263 1526
1263 1771
1263 1532
1263 1404
1263 1379
1263 1321
1263 1924
1263 1691
1263 1689
1263 1986
1263 1903
1263 1940
1263 1634
1263 1894
1263 1830
1263 1757
1263 1823
1263 1594
1263 1719
1263 1698
1263 1630
1263 1534
1263 1376
1263 1448
1263 1455
1263 1946
1263 1370
1263 1348
1263 1619
1263 1800
1263 1579
1263 1652
1263 1412
1263 1498
1263 1977
1263 1755
1263 1814
1263 1956
1263 1861
1263 1265
1263 1499
1263 1919
1263 1971
1263 1887
1263 1309
1263 1413
1263 1747
1263 1380
1263 1818
1263 1824
1263 1669
1263 1544
1263 1690
1263 1444
1263 1819
1263 1606
1263 1548
1263 1264
1263 1394
1263 1846
1263 1640
1263 1721
1263 1539
1263 1626
1263 1784
1263 1344
1263 1702
1263 1712
1263 1880
1263 1675
1263 1859
1263 1301
1263 1565
1263 1898
1263 1281
1263 1477
1263 1465
1263 1686
1263 1835
1263 1491
1263 1913
1263 1842
1263 1266
1263 1591
1263 1796
1263 1470
1263 1987
1263 1389
1263 1834
1263 1885
1263 1552
1263 1336
1263 1490
1263 1284
1263 1385
1263 1895
1263 1876
1263 1287
1263 1742
1263 1510
1263 1809
1263 1703
1263 1599
1263 1312
1263 1791
1263 1279
1263 1524
1263 1927
1263 1492
1263 1646
1263 1353
1263 1414
1263 1645
1263 1289
1263 1670
1263 1760
1263 1417
1263 1409
1263 1878
1263 1433
1263 1291
1263 1391
1263 1451
1263 1679
1263 1486
1263 1603
1263 1812
1263 1854
1263 1375
1263 1400
1263 1973
1263 1395
1263 1733
1263 1671
1263 1794
1263 1560
1263 1857
1263 1571
1263 1736
1263 1474
1263 1388
1263 1825
1263 1853
1263 1822
1263 1860
1263 1360
1263 1928
1263 1633
1263 1782
1263 1592
1263 1968
1263 1915
1263 1275
1263 1611
1263 1501
1263 1522
1263 1699
1263 1278
1263 1945
1263 1758
1263 1411
1263 1434
1263 1270
1263 1582
1263 1877
1263 1707
1263 1500
1263 1827
1263 1466
1263 1982
1263 1930
1263 1396
1263 1521
1263 1642
1263 1561
1263 1415
1263 1401
1263 1921
1263 1581
1263 1828
1263 1918
1263 1624
1263 1868
1263 1741
1263 1364
1263 1708
1263 1920
1263 1942
1263 1620
1263 1504
1263 1274
1263 1871
1263 1342
1263 1457
1263 1341
1263 1873
1263 1772
1263 1595
1263 1801
1263 1612
1263 1429
1263 1851
1263 1722
1263 1440
1263 1959
1263 1387
1263 1625
1263 1960
1263 1902
1263 1805
1263 1926
1263 1547
1263 1294
1263 1505
1263 1803
1263 1494
1263 1570
1263 1743
1263 1832
1263 1770
1263 1763
1263 1329
1263 1639
1263 1777
1263 1530
1263 1623
1263 1831
1263 1644
1263 1277
1263 1432
1263 1427
1263 1298
1263 1585
1263 1445
1263 1856
1263 1998
1263 1587
1263 1471
1263 1661
1263 1748
1263 1682
1263 1271
1263 1488
1263 1621
1263 1749
1263 1932
1263 1334
1263 1446
1263 1844
1263 1685
1263 1950
1263 1725
1263 1886
1263 1660
1263 1937
1263 1456
1263 1442
1263 1533
1263 1314
1263 1676
1263 1437
1263 1525
1263 1467
1263 1418
1263 1496
1263 1553
1263 1609
1263 1487
1263 1398
1263 1340
1263 1545
1263 1806
1263 1538
1263 1614
1263 1637
1263 1678
1263 1458
1263 1540
1263 1366
1263 1607
1263 1469
1263 1744
1263 1424
1263 1845
1263 1311
1263 1752
1263 1833
1263 1944
1263 1631
1263 1502
1263 1397
1263 1668
1263 1558
1263 1899
1263 1392
1263 1738
1263 1683
1263 1695
1263 1328
1263 1988
1263 1313
1263 1268
1263 1497
1263 1874
1263 1776
1263 1438
1263 1907
1263 1439
1263 1664
1263 1706
1263 1700
1263 1732
1263 1839
1263 1884
1263 1724
1263 1906
1263 1588
1263 1378
1263 1568
1263 1269
1263 1798
1263 1836
1263 1925
1263 1365
1263 1374
1263 1720
1263 1276
1263 1687
1263 1654
1263 1740
1263 1339
1263 1316
1263 1352
1263 1303
1263 1393
1263 1382
1263 1354
1263 1306
1263 1557
1263 1583
1263 1866
1263 1423
1267 1285
1272 1768
1280 1514
1282 1952
1285 1576
1285 1994
1285 1717
1285 1953
1285 1759
1285 1290
1285 1865
1285 1893
1285 1975
1285 1655
1285 1461
1285 1638
1285 1507
1285 1923
1285 1464
1285 1508
1285 1550
1285 1416
1285 1293
1285 1864
1285 1447
1285 1307
1285 1567
1285 1463
1285 2000
1285 1875
1285 1838
1285 1419
1285 1761
1285 1402
1285 1863
1285 1512
1285 1628
1285 1597
1285 1602
1285 1511
1285 1302
1285 1355
1285 1509
1285 1914
1285 1460
1285 1297
1285 1890
1285 1769
1285 1549
1285 1730
1285 1936
1285 1515
1285 1991
1285 1343
1285 1333
1285 1773
1285 1347
1285 1908
1285 1739
1285 1551
1285 1586
1285 1643
1285 1559
1285 1361
1285 1452
1285 1383
1285 1319
1285 1310
1285 1775
1285 1304
1285 1888
1285 1428
1285 1714
1285 1911
1285 1431
1285 1980
1285 1999
1285 1636
1285 1362
1285 1367
1285 1808
1285 1731
1285 1978
1285 1425
1285 1900
1285 1629
1285 1710
1285 1820
1292 1976
1295 1493
1296 1584
1305 1696
1315 1976
1317 1768
1322 1815
1323 1768
1324 1514
1325 1493
1330 1783
1332 1904
1335 1976
1337 1768
1338 1503
1345 1792
1349 1503
1350 1892
1351 1593
1356 1493
1358 1976
1359 1493
1363 1493
1368 1503
1369 1892
1372 1473
1377 1892
1381 1610
1384 1543
1384 1799
1390 1493
1399 1815
1403 1618
1405 1503
1406 1892
1407 1468
1408 1503
1410 1562
1410 1778
1422 1503
1426 1503
1430 1976
1435 1815
1436 1503
1441 1542
1443 1493
1449 1493
1453 1578
1478 1768
1480 1554
1480 1527
1480 1531
1483 1817
1483 1601
1483 1546
1485 1976
1493 1963
1493 1754
1493 1726
1493 1541
1493 1577
1493 1795
1493 1555
1493 1564
1493 1684
1493 1665
1495 1881
1503 1613
1503 1931
1503 1802
1503 1862
1503 1519
1503 1753
1503 1983
1503 1785
1503 1852
1503 1849
1503 1728
1503 1807
1503 1996
1503 1709
1503 1667
1503 1910
1503 1934
1513 1976
1514 1948
1514 1981
1514 1572
1514 1966
1518 1976
1523 1580
1528 1563
1529 1976
1536 1792
1542 1789
1556 1792
1566 1976
1569 1976
1573 1892
1578 1848
1591 2326
1598 1909
1604 1692
1608 1943
1616 1797
1617 1976
1622 1976
1632 1815
1648 1969
1649 1976
1650 1882
1650 1745
1651 1976
1656 1892
1663 1674
1666 1976
1673 1976
1680 1976
1688 1815
1694 1976
1711 1976
1715 1954
1716 1976
1723 1892
1746 1965
1765 1847
1768 1970
1768 1816
1779 1976
1781 1976
1786 1976
1792 1858
1804 1892
1815 1955
1815 1905
1815 1958
1815 1961
1815 1941
1837 1976
1840 1892
1855 1892
1869 1976
1872 1976
1889 1976
1892 1964
1892 1912
1892 1896
1897 1976
1901 1979
1922 1933
1935 1976
1938 1976
1947 1976
1951 1976
1974 1976
1976 1997
1976 1992
2001 2392
2002 2392
2002 2164
2002 2218
2003 2392
2004 2392
2004 2363
2005 2464
2006 2147
2007 2232
2008 2392
2009 2392
2010 2392
2011 2392
2012 2232
2013 2392
2014 2392
2015 2392
2015 2043
2016 2392
2017 2271
2018 2392
2018 2088
2019 2325
2020 2392
2021 2392
2022 2392
2023 2325
2024 2232
2025 2392
2026 2232
2027 2392
2028 2093
2029 2392
2030 2231
2031 2392
2032 2392
2032 2299
2032 2189
2032 2279
2032 2202
2032 2103
2032 2266
2032 2036
2033 2392
2034 2392
2035 2325
2037 2392
2038 2392
2039 2468
2040 2325
2041 2392
2042 2392
2044 2392
2045 2392
2046 2433
2047 2183
2048 2392
2049 2093
2050 2392
2051 2325
2052 2392
2053 2392
2054 2392
2055 2392
2056 2392
2057 2468
2058 2392
2059 2392
2060 2392
2060 2168
2061 2392
2062 2275
2063 2468
2064 2232
2065 2392
2066 2392
2067 2392
2068 2392
2069 2392
2070 2392
2071 2392
2072 2392
2073 2392
2074 2392
2075 2469
2076 2392
2077 2392
2078 2392
2079 2392
2080 2392
2081 2325
2082 2392
2083 2392
2083 2383
2084 2392
2085 2275
2086 2093
2087 2392
2089 2282
2090 2392
2091 2392
2091 2479
2092 2392
2093 2392
2093 2111
2093 2123
2094 2468
2095 2282
2096 2392
2097 2392
2098 2392
2099 2392
2100 2392
2101 2392
2101 2368
2101 2435
2102 2392
2104 2325
2105 2392
2106 2392
2107 2392
2108 2282
2109 2391
2110 2232
2112 2392
2112 2178
2113 2468
2114 2392
2115 2325
2116 2392
2117 2464
2118 2392
2119 2392
2120 2392
2121 2392
2121 2402
2122 2392
2124 2392
2125 2392
2126 2392
2127 2325
2128 2232
2129 2392
2130 2392
2131 2392
2132 2464
2133 2232
2134 2392
2135 2392
2136 2392
2137 2147
2138 2325
2139 2392
2140 2392
2141 2392
2142 2181
2143 2392
2143 2198
2144 2392
2145 2392
2146 2325
2147 2392
2147 2311
2147 2201
2147 2322
2148 2392
2149 2264
2150 2392
2150 2429
2151 2325
2152 2392
2153 2392
2154 2392
2155 2282
2156 2392
2157 2392
2158 2392
2159 2464
2160 2392
2161 2392
2162 2172
2163 2468
2165 2392
2166 2392
2167 2392
2169 2392
2170 2392
2171 2325
2172 2392
2172 2194
2172 2272
2172 2426
2172 2404
2172 2489
2173 2392
2174 2282
2175 2392
2175 2428
2176 2392
2177 2232
2179 2325
2180 2392
2181 2392
2181 2475
2182 2325
2183 2392
2183 2369
2184 2392
2185 2392
2186 2392
2187 2392
2188 2468
2190 2392
2191 2392
2192 2392
2193 2392
2195 2232
2196 2392
2197 2226
2199 2392
2200 2392
2203 2392
2204 2392
2205 2392
2206 2392
2207 2392
2208 2392
2209 2392
2210 2392
2211 2392
2212 2392
2213 2282
2214 2464
2215 2232
2216 2462
2217 2392
2219 2392
2220 2325
2221 2392
2222 2392
2223 2232
2224 2392
2225 2392
2226 2392
2227 2232
2228 2392
2229 2232
2230 2392
2231 2392
2232 2392
2232 2408
2232 2301
2232 2269
2232 2236
2232 2434
2232 2287
2232 2409
2232 2350
2233 2306
2234 2392
2235 2392
2237 2392
2238 2392
2239 2392
2240 2464
2241 2392
2242 2392
2243 2392
2244 2392
2245 2392
2246 2392
2247 2392
2248 2392
2249 2392
2250 2391
2251 2468
2252 2392
2253 2392
2254 2325
2255 2392
2256 2392
2256 2342
2257 2392
2258 2325
2259 2392
2260 2392
2261 2468
2262 2392
2263 2325
2264 2392
2265 2392
2267 2392
2268 2392
2270 2392
2271 2392
2273 2464
2274 2392
2275 2392
2275 2452
2276 2392
2277 2392
2278 2392
2280 2464
2281 2325
2282 2392
2282 2418
2283 2392
2284 2392
2285 2392
2286 2392
2288 2392
2289 2392
2290 2392
2291 2325
2292 2392
2293 2325
2294 2392
2295 2392
2296 2392
2297 2464
2298 2392
2300 2392
2302 2392
2303 2392
2304 2392
2305 2392
2306 2392
2306 2380
2307 2392
2308 2392
2309 2392
2310 2325
2312 2325
2313 2392
2314 2392
2315 2325
2316 2392
2317 2392
2318 2392
2319 2392
2320 2325
2321 2468
2323 2392
2324 2468
2325 2392
2325 2457
2325 2381
2325 2459
2325 2497
2325 2460
2325 2413
2325 2328
2325 2442
2325 2329
2325 2386
2325 2438
2325 2393
2325 2493
2325 2358
2325 2470
2325 2422
2325 2472
2325 2437
2325 2394
2325 2375
2326 2392
2327 2392
2330 2392
2331 2392
2332 2392
2333 2464
2334 2392
2335 2392
2335 2416
2336 2392
2337 2468
2338 2392
2339 2392
2340 2392
2341 2392
2343 2392
2344 2392
2345 2392
2346 2392
2347 2392
2348 2392
2349 2447
2351 2392
2352 2392
2353 2392
2354 2392
2355 2392
2356 2392
2357 2468
2359 2392
2360 2392
2361 2392
2362 2468
2364 2392
2365 2392
2366 2392
2367 2488
2370 2392
2371 2392
2372 2392
2373 2392
2374 2468
2376 2468
2377 2392
2378 2392
2379 2392
2382 2468
2384 2392
2385 2392
2387 2392
2388 2468
2389 2392
2390 2392
2391 2392
2392 2468
2392 2464
2392 2433
2392 2469
2392 2488
2392 2447
2392 2462
2392 2477
2392 2398
2392 2465
2392 2451
2392 2467
2392 2400
2392 2417
2392 2444
2392 2439
2392 2424
2392 2490
2392 2454
2392 2405
2392 2487
2392 2415
2392 2498
2392 2401
2392 2496
2392 2425
2392 2430
2392 2456
2392 2495
2392 2480
2392 2443
2392 2466
2392 2431
2392 2414
2392 2441
2392 2483
2392 2463
2392 2474
2392 2484
2392 2427
2392 2423
2392 2440
2392 2445
2392 2396
2392 2482
2392 2403
2392 2485
2392 2412
2392 2455
2392 2473
2392 2500
2392 2450
2392 2421
2392 2432
2392 2406
2392 2436
2392 2399
2392 2446
2392 2461
2392 2458
2392 2494
2392 2411
2392 2419
2392 2410
2392 2486
2392 2499
2392 2420
2392 2478
2392 2397
2392 2492
2392 2471
2392 2476
2392 2481
2392 2407
2395 2464
2433 2453
2448 2468
2449 2464
2468 2491
