100 100
90 17 73 35 55 55 4 82 37 70 59 91 37 7 88 56 68 54 33 49 88 69 81 31 59 71 68 17 77 10 25 49 40 94 85 72 57 54 79 14 74 9 29 21 65 53 39 19 5 17 46 35 33 66 12 20 53 81 8 24 36 48 91 93 67 89 81 14 75 70 75 8 96 6 23 40 49 56 6 91 83 3 23 38 47 69 32 11 50 13 64 37 57 71 86 57 81 69 39 94 
31 24 32 74 9 36 8 47 51 13 68 19 16 23 59 82 7 99 97 34 29 39 53 67 4 61 25 82 48 54 46 28 26 75 19 93 85 27 15 94 27 26 75 70 61 18 70 53 31 27 93 51 80 58 78 14 38 81 21 42 95 27 11 58 94 36 7 19 44 14 76 27 50 70 50 94 8 15 95 45 43 35 43 64 33 27 48 58 6 31 56 87 6 97 50 78 89 20 33 97 
50 49 84 4 63 77 32 11 99 43 69 14 48 44 58 44 25 68 24 72 83 24 79 37 79 15 78 34 92 62 25 23 29 51 12 3 90 86 99 98 38 84 60 98 20 57 30 61 34 63 88 10 31 59 3 76 21 4 8 25 69 70 51 50 59 36 40 57 49 9 74 84 78 31 45 56 37 21 66 33 48 91 2 47 71 34 38 59 10 63 6 64 50 93 19 76 16 9 39 88 
73 69 90 61 9 53 84 68 22 63 25 2 56 86 3 85 77 34 93 52 32 23 63 65 48 65 13 69 61 39 94 3 42 45 97 86 95 23 52 97 5 22 79 18 59 53 88 3 95 55 15 78 80 34 8 49 45 63 71 60 47 24 7 28 64 16 37 61 75 74 38 66 54 41 11 69 33 15 95 3 72 66 10 79 56 39 57 60 64 73 25 22 86 57 18 6 30 9 15 88 
66 7 18 41 50 84 32 43 62 65 17 9 68 89 80 50 35 18 8 66 3 63 27 59 16 88 68 35 98 31 38 67 16 69 15 16 75 24 52 35 26 20 25 61 15 81 44 99 31 41 10 47 66 7 75 54 58 68 96 3 10 37 81 10 89 88 96 65 56 38 82 37 93 25 69 55 83 81 31 70 68 39 24 77 64 62 32 19 64 45 37 79 7 51 83 21 84 67 55 92 
27 61 97 19 66 21 58 76 91 46 14 8 73 73 59 83 55 94 85 67 8 82 66 59 67 16 12 22 81 56 53 46 86 90 39 78 90 46 43 51 88 67 28 93 58 65 79 99 92 15 91 60 84 48 39 84 85 81 34 27 86 51 83 59 20 50 12 60 79 91 86 76 40 56 13 48 23 99 26 34 15 14 44 47 19 7 38 85 63 45 86 54 67 17 5 27 85 36 87 35 
29 50 48 24 79 92 97 89 63 80 56 31 94 91 28 93 20 11 22 84 67 83 43 28 15 13 39 54 7 15 77 13 97 77 55 49 49 15 55 81 93 56 13 92 82 31 32 94 23 45 56 46 48 82 93 9 71 93 50 44 17 10 11 11 35 89 88 7 31 56 80 76 26 54 49 13 31 83 71 15 24 53 4 66 24 37 45 91 7 35 81 73 96 51 25 13 47 25 44 24 
52 45 38 46 89 41 40 98 9 59 40 56 69 44 35 17 90 58 54 74 83 56 37 17 61 77 55 69 92 87 41 26 73 41 30 25 13 70 4 79 79 61 45 92 41 51 68 98 46 66 56 96 83 84 89 58 36 11 73 48 32 15 34 86 67 87 75 45 65 62 45 73 91 90 12 97 97 37 43 59 70 27 78 28 20 92 37 8 19 76 5 32 33 30 35 28 19 11 45 15 
92 96 16 75 31 78 53 53 97 61 8 35 9 87 13 75 57 9 83 31 78 25 51 23 4 84 41 93 40 4 63 80 55 47 50 17 54 76 48 40 85 40 32 50 19 29 87 21 51 82 58 10 97 71 9 85 63 4 57 27 25 44 55 52 36 83 30 98 25 7 43 74 67 59 32 78 4 88 29 43 13 34 69 43 31 81 7 58 67 27 73 7 47 92 78 48 43 5 56 24 
24 10 22 11 36 87 71 53 23 73 93 29 20 40 74 84 36 99 9 77 50 58 2 69 76 80 61 56 46 70 43 65 61 96 57 45 12 66 34 19 66 49 76 31 61 9 78 79 16 78 41 23 76 4 23 79 62 81 90 94 64 95 21 95 94 38 30 67 97 61 13 42 79 74 91 43 25 8 68 52 41 52 31 6 4 54 16 46 94 28 54 60 18 69 96 98 47 59 44 9 
2 31 22 50 27 31 36 53 85 35 78 20 98 3 37 75 72 7 94 99 74 46 6 78 74 93 10 55 59 56 46 3 74 93 24 19 40 77 56 63 45 73 3 12 12 76 80 16 87 7 94 62 66 22 34 81 66 84 30 54 41 47 9 87 63 36 26 35 57 12 41 8 63 84 66 20 42 48 87 83 7 37 8 36 81 72 26 75 74 97 78 74 73 77 69 71 43 3 57 21 
62 84 8 20 52 80 93 19 31 29 46 34 16 71 61 11 11 9 92 27 15 66 8 54 51 30 34 27 8 93 55 7 15 18 10 6 86 98 80 59 82 5 14 33 83 85 5 97 11 37 58 16 81 80 67 76 40 68 9 5 44 83 44 49 71 17 94 47 89 43 44 98 26 79 8 43 14 66 35 96 13 86 5 14 40 53 4 16 74 99 27 49 57 63 66 51 8 29 12 19 
22 51 46 96 10 5 78 2 93 17 40 54 59 27 72 37 33 67 95 98 7 5 27 83 87 56 11 77 64 12 74 38 91 41 35 45 75 96 15 5 65 86 74 75 30 39 84 39 37 59 23 36 18 53 71 98 24 80 41 4 90 5 64 86 97 41 4 73 61 97 31 98 6 57 84 53 18 81 80 8 82 4 31 27 72 52 67 14 80 53 51 35 17 54 24 29 2 61 65 21 
46 17 11 64 64 71 2 29 13 28 74 93 84 88 27 94 6 53 73 63 33 42 36 84 75 52 64 80 20 80 46 85 25 81 36 7 6 72 65 27 20 62 44 29 95 78 63 7 62 88 23 39 70 54 19 32 36 10 97 75 88 73 54 42 54 66 20 13 92 55 2 70 17 9 62 12 42 26 68 19 52 98 79 84 18 85 96 31 18 7 66 13 42 71 80 37 5 79 76 71 
63 53 53 59 20 70 39 69 26 73 61 50 38 8 73 99 87 94 54 33 37 70 74 24 98 3 64 12 89 84 49 4 43 15 41 48 54 71 86 10 86 39 37 94 12 79 95 87 79 67 17 64 88 73 67 79 5 25 65 23 94 88 19 70 42 98 3 45 86 67 36 5 73 17 81 69 84 92 45 6 55 89 35 12 14 67 81 56 65 53 16 83 9 35 23 64 61 45 59 14 
92 35 65 94 15 76 83 49 98 5 44 53 27 2 6 81 19 14 21 96 2 4 41 21 64 59 71 18 36 65 20 69 14 56 11 89 94 77 87 85 40 40 83 58 67 39 69 33 55 55 24 47 67 16 7 21 99 91 46 4 14 26 97 13 36 97 45 13 64 43 96 61 38 86 91 67 13 7 54 45 43 8 61 94 70 56 66 54 35 24 75 88 7 89 94 64 60 96 96 76 
25 22 13 36 88 97 52 42 10 58 69 9 21 38 66 23 4 57 19 78 82 48 8 82 11 14 32 34 84 44 70 67 36 25 92 29 72 38 24 73 79 22 11 49 55 16 5 89 95 48 83 37 11 69 76 34 85 89 99 15 88 30 36 83 82 54 46 42 96 24 58 58 84 80 43 65 96 97 14 22 89 40 88 21 20 74 49 22 17 61 90 85 80 97 53 16 4 51 34 67 
89 10 9 59 21 78 29 19 64 44 85 14 89 89 15 54 15 93 4 92 99 39 62 14 62 39 60 60 32 41 20 42 82 65 30 55 8 25 40 15 81 39 56 61 25 70 27 2 19 3 96 11 6 29 25 22 90 16 47 17 28 81 61 3 43 72 5 42 16 16 93 85 88 29 23 43 10 81 36 21 86 82 40 89 18 55 78 47 7 6 46 63 63 52 98 93 14 55 46 95 
42 50 92 84 60 79 10 88 86 97 4 83 54 4 56 30 79 90 63 85 52 59 88 97 85 11 11 50 82 81 43 35 80 88 23 75 76 38 47 12 57 72 9 59 51 71 50 90 26 14 13 47 19 12 64 6 16 52 5 97 9 4 36 4 76 47 89 84 93 58 91 86 12 31 4 25 96 69 52 7 49 46 57 33 96 74 35 92 37 23 24 8 53 44 9 90 36 38 2 22 
44 7 77 34 27 89 35 82 10 71 20 81 31 93 98 61 26 37 55 44 32 83 73 14 34 42 44 78 77 40 28 45 34 61 54 2 78 91 24 23 83 12 88 22 42 70 36 7 73 98 21 82 94 24 63 55 87 13 43 25 95 57 19 73 40 40 48 42 56 80 74 16 85 54 13 5 84 70 27 57 27 3 51 28 23 3 90 41 9 46 58 31 58 20 66 12 47 51 16 50 
48 88 11 59 24 22 56 40 42 60 12 59 40 40 38 74 21 97 71 91 20 22 32 53 7 22 49 74 81 38 74 50 67 12 6 97 83 32 76 78 92 97 6 47 73 51 31 14 69 88 32 75 98 21 98 63 57 82 65 76 14 24 86 44 75 71 38 72 51 10 95 5 41 31 16 38 7 70 24 85 89 14 82 58 83 97 7 63 92 87 59 40 80 42 30 90 34 90 13 61 
26 14 76 74 43 77 24 98 74 66 26 15 72 68 18 18 26 4 55 59 52 10 86 85 2 7 29 65 56 20 50 42 76 30 33 80 50 75 95 92 68 99 95 13 62 20 41 90 49 77 86 97 65 94 84 74 27 76 91 43 15 58 12 12 17 11 94 15 41 63 18 96 47 28 14 86 25 87 49 26 54 24 9 21 47 70 87 33 25 20 14 95 71 83 48 43 98 93 73 74 
8 2 83 71 74 64 66 82 16 20 42 32 14 49 17 45 12 99 29 66 94 22 33 38 12 86 24 7 15 56 63 63 39 91 12 2 60 19 27 79 87 97 12 64 40 70 49 94 88 11 94 63 18 39 99 83 18 70 48 20 64 92 42 86 49 14 28 27 81 9 16 93 10 62 93 78 20 84 7 22 41 17 26 12 40 75 32 89 53 79 89 25 24 4 62 82 42 81 78 67 
33 56 44 14 18 83 77 65 76 97 21 83 83 98 4 8 30 75 37 10 13 68 52 10 70 73 44 27 42 77 58 64 40 32 89 62 57 88 31 13 55 98 61 77 18 63 69 71 10 43 60 33 8 46 34 24 30 20 95 39 38 8 45 54 72 86 60 99 15 68 34 91 57 57 25 34 43 17 74 73 57 5 44 55 18 20 41 29 64 54 67 30 32 3 88 14 42 18 72 60 
19 75 59 65 2 39 3 56 47 18 43 77 82 86 98 42 4 51 31 46 12 21 73 54 95 23 10 48 31 89 27 71 33 62 54 40 12 41 32 83 70 97 67 89 51 45 34 95 83 74 78 79 46 45 56 68 83 89 85 44 63 27 97 40 70 97 49 82 18 56 35 20 84 70 38 82 46 86 19 88 7 78 42 86 52 37 96 33 6 90 95 78 8 86 65 3 10 90 23 11 
57 61 7 44 78 22 69 7 8 28 28 59 74 77 19 80 22 13 33 41 71 73 62 82 35 79 96 36 73 70 71 26 11 49 8 71 74 27 91 92 17 65 98 50 47 22 71 86 22 58 14 61 8 41 16 33 28 19 65 49 26 62 42 25 98 85 91 54 72 60 86 74 15 8 73 46 6 15 26 92 30 55 6 93 96 94 47 3 69 4 68 64 5 60 61 45 42 81 87 75 
8 16 7 93 68 5 47 95 91 62 76 7 52 17 88 43 17 37 20 39 89 8 47 62 20 76 68 20 82 28 52 24 99 56 96 80 5 87 91 82 74 92 18 11 77 39 97 53 35 22 54 89 60 50 68 97 58 87 59 67 90 87 34 99 62 39 54 21 29 99 8 65 70 66 37 22 36 27 69 99 75 69 18 12 21 94 2 60 8 69 5 90 48 79 58 28 29 81 44 16 
54 89 94 71 96 2 94 94 65 2 78 2 85 59 86 56 20 49 69 52 77 23 29 9 45 21 15 8 58 29 90 59 36 24 50 30 84 80 73 55 8 56 93 38 37 39 60 53 19 66 47 93 64 40 69 4 76 54 47 41 71 52 5 26 97 14 41 4 36 43 2 65 74 68 11 98 60 41 83 89 77 80 27 61 56 13 84 65 47 87 77 38 75 85 38 79 80 8 91 66 
30 97 28 84 95 58 37 76 6 99 58 77 36 36 38 57 36 59 4 15 36 81 90 38 67 29 21 40 23 44 5 87 7 45 74 22 69 53 97 93 51 42 86 37 74 81 76 16 73 61 52 82 94 7 65 19 5 5 75 70 74 95 6 43 68 37 58 8 61 64 35 85 68 90 63 50 44 88 67 86 30 90 27 61 45 13 16 29 67 64 9 33 24 20 16 45 8 39 33 20 
57 47 67 48 77 60 33 49 75 97 38 50 87 20 47 56 59 84 25 54 53 23 25 99 70 14 31 39 34 29 8 61 9 27 99 51 59 65 84 84 34 31 16 52 92 44 41 66 8 3 39 16 64 57 97 68 16 24 76 11 53 23 4 84 74 84 23 69 94 72 28 35 59 90 58 80 77 89 94 5 37 13 97 70 48 36 40 56 44 39 42 85 28 54 95 72 94 13 96 48 
76 24 47 84 2 56 15 90 35 8 5 5 5 73 16 82 81 25 79 93 67 58 20 49 44 91 75 10 4 34 53 95 86 12 47 83 17 80 81 42 37 22 12 25 70 87 34 45 96 19 33 71 85 97 91 97 42 7 39 16 52 2 47 28 78 57 50 27 38 33 76 60 99 98 79 95 40 48 62 93 84 99 22 64 94 81 81 61 58 46 42 57 34 66 38 97 19 81 56 5 
96 31 19 86 45 19 21 22 85 72 37 67 89 90 30 35 70 7 76 71 80 33 23 86 13 97 76 92 63 67 20 49 77 56 63 47 27 72 27 78 60 72 69 71 87 99 75 28 30 22 93 4 93 17 92 81 21 74 28 75 64 51 7 86 95 21 25 51 24 30 39 32 24 66 90 79 72 29 7 50 87 87 15 58 37 71 86 29 8 19 71 4 63 9 64 30 12 32 87 69 
68 73 82 38 6 79 81 44 94 85 10 48 50 71 58 82 68 64 55 48 53 33 66 73 88 62 27 39 87 52 71 86 87 24 29 70 47 58 3 8 33 26 90 34 50 85 75 53 13 96 28 98 57 30 60 88 67 79 36 35 36 80 83 78 62 28 32 84 56 80 26 30 53 12 39 98 96 61 43 21 78 24 84 73 51 67 41 20 39 12 92 50 5 69 43 29 32 58 32 62 
62 82 55 90 80 22 29 91 75 98 40 70 3 72 49 76 42 48 25 73 44 73 8 14 77 44 27 94 89 79 14 5 18 8 21 59 32 73 8 46 14 46 49 27 5 53 8 95 75 54 31 31 44 11 11 30 55 10 48 30 61 90 46 25 29 5 18 57 43 72 76 11 72 33 79 43 7 47 47 45 11 42 68 96 18 28 5 34 71 44 15 65 26 20 47 33 71 69 81 52 
78 88 53 63 31 30 8 54 79 25 77 95 73 84 86 96 14 57 52 3 99 18 7 26 46 81 15 53 28 20 13 12 26 55 44 60 35 84 73 85 57 84 27 57 38 26 2 45 93 59 62 8 34 59 96 49 49 92 71 30 21 99 64 73 97 92 58 16 37 94 56 42 85 26 95 10 44 67 53 99 13 55 25 67 24 56 27 68 51 96 72 92 46 19 7 16 57 25 60 91 
34 97 92 93 20 70 10 35 13 7 87 23 88 68 7 2 37 74 96 57 62 62 70 95 13 11 59 9 65 99 98 75 29 81 90 18 20 96 9 21 33 95 16 5 25 11 4 26 82 80 90 92 48 85 26 78 99 36 84 74 9 58 34 74 28 71 18 19 51 93 10 55 73 60 49 14 44 83 10 64 69 93 4 83 93 62 82 27 22 94 11 56 23 73 81 47 19 72 85 80 
96 29 50 63 2 43 55 52 6 28 17 46 54 18 72 16 75 16 71 87 42 97 52 13 43 13 94 96 24 72 55 56 63 41 14 42 8 57 15 60 47 69 60 29 66 50 37 6 68 93 30 23 58 39 44 66 18 3 21 64 77 69 97 61 79 88 4 22 69 37 24 11 3 2 52 21 5 48 63 9 95 10 54 47 85 77 94 74 31 62 17 64 16 38 50 20 40 39 34 9 
19 84 30 13 31 79 94 78 81 74 49 50 43 63 49 4 97 97 6 5 80 12 85 32 83 30 41 94 22 39 67 31 27 51 97 21 17 47 4 20 45 73 64 24 83 95 7 45 22 89 17 20 99 30 89 90 39 73 72 43 92 71 22 76 3 4 96 45 57 87 74 45 84 62 72 59 17 36 62 11 52 87 57 87 36 89 2 84 41 81 7 99 82 12 62 10 91 16 94 11 
22 61 19 7 96 38 66 59 99 99 36 69 29 8 3 19 58 26 99 82 23 75 40 4 7 32 28 87 26 36 63 10 58 75 36 76 93 18 13 26 80 45 69 35 58 72 10 48 38 35 26 27 29 21 35 24 43 68 14 57 64 65 30 98 47 20 30 17 47 77 7 68 94 52 76 38 30 54 20 32 32 8 2 91 4 88 84 70 56 75 36 75 12 78 94 9 58 18 31 6 
79 62 73 98 99 91 92 8 37 66 24 41 48 29 84 29 78 73 82 22 73 42 13 57 16 30 53 75 13 20 83 74 87 75 40 24 54 36 36 82 7 67 91 65 30 14 4 85 11 37 26 22 36 22 88 43 64 20 74 2 89 67 42 78 33 39 96 98 29 82 70 56 17 98 45 94 95 4 46 58 42 97 99 91 81 92 85 45 81 20 46 23 72 38 76 54 94 57 3 76 
91 57 10 13 81 36 85 80 41 3 97 90 79 37 95 87 11 27 45 49 6 55 31 19 16 26 47 64 86 42 16 74 4 46 85 86 19 10 64 58 68 76 88 87 16 60 6 65 74 29 89 39 45 88 58 2 12 34 93 80 98 77 86 26 68 64 78 61 62 93 24 22 11 83 34 40 40 12 13 86 12 21 81 71 15 36 48 21 66 83 92 74 94 3 8 82 68 88 16 17 
80 38 98 68 58 82 55 83 85 16 75 16 58 98 50 40 33 84 95 58 21 59 90 63 76 63 31 86 96 25 42 8 46 33 36 74 28 81 38 19 28 42 47 48 39 13 23 69 38 67 27 73 67 7 68 15 91 16 5 72 71 75 78 85 14 87 39 72 86 64 96 55 49 67 41 58 67 11 84 64 26 62 57 56 84 71 91 90 57 95 50 7 99 61 4 50 40 23 46 82 
3 6 47 61 36 52 77 87 52 5 7 22 80 28 78 37 51 83 10 32 67 86 83 29 22 75 41 86 55 62 29 72 25 30 10 92 20 62 41 7 20 24 31 15 24 94 75 41 32 14 89 35 89 76 21 26 91 5 62 32 5 53 57 70 58 39 27 91 37 84 41 64 89 69 57 49 40 50 68 42 43 53 76 83 57 74 42 36 28 90 59 51 28 73 32 52 80 23 17 83 
66 76 31 76 73 71 34 9 35 49 11 73 71 54 96 22 94 23 33 17 33 75 35 86 81 59 55 45 8 33 51 79 23 75 89 65 44 48 88 31 81 58 18 46 48 33 70 30 50 82 31 51 72 56 72 7 58 16 57 41 25 76 51 17 68 92 25 18 84 17 30 44 60 60 70 2 34 69 81 23 23 60 50 68 98 69 9 59 97 93 8 4 72 69 83 76 4 92 21 86 
19 85 87 24 30 48 53 19 18 96 79 64 44 70 8 87 90 7 65 56 5 2 67 94 77 45 64 66 31 49 16 9 15 27 99 42 80 57 41 49 38 83 91 65 64 72 38 44 50 45 36 81 32 4 37 15 27 62 63 51 97 71 87 44 69 74 31 8 85 70 22 81 57 27 50 97 65 43 88 3 4 77 75 82 31 60 8 7 70 53 27 35 31 58 43 61 40 89 45 2 
59 15 3 36 3 47 22 21 71 94 60 32 63 70 43 62 70 3 11 40 34 4 55 90 53 18 88 32 72 61 40 40 12 59 28 74 56 32 34 38 14 58 32 7 45 94 25 38 23 6 5 95 16 88 25 32 3 30 99 31 35 14 47 40 41 22 7 88 83 55 82 15 64 72 9 4 36 57 9 72 31 63 14 24 64 95 31 65 86 92 76 2 84 85 92 62 10 64 16 12 
82 57 38 30 40 21 25 93 97 79 13 65 80 5 3 65 54 52 54 13 94 49 61 89 41 20 41 58 89 90 58 16 2 14 79 20 27 68 55 2 44 47 30 53 63 38 50 16 46 96 21 26 46 76 86 48 10 20 13 35 65 19 52 6 25 51 81 7 53 88 28 77 73 45 97 7 88 93 28 97 97 58 5 97 42 80 86 94 57 79 38 13 24 15 57 52 75 26 26 60 
54 3 83 71 11 86 50 5 23 72 44 32 22 55 34 78 50 30 97 87 3 31 40 34 58 10 83 68 87 56 8 15 70 6 54 78 15 74 20 16 49 80 26 85 15 7 78 43 21 45 23 55 97 18 45 64 68 63 34 70 35 61 14 11 22 35 3 92 86 46 32 5 58 46 25 60 46 55 63 12 9 58 19 52 75 63 34 19 36 70 13 78 61 85 7 86 62 54 64 81 
59 93 24 71 82 3 23 24 89 73 57 93 37 80 54 52 63 40 71 33 8 68 51 9 88 27 29 95 24 86 67 73 93 46 53 15 86 66 77 45 63 71 18 21 13 97 90 55 77 22 35 30 75 16 84 85 14 19 12 10 80 14 8 8 63 48 86 19 18 63 2 2 89 70 45 43 7 72 92 33 32 34 55 54 38 3 15 36 5 24 66 86 8 84 17 56 12 18 13 52 
96 25 44 10 63 97 27 65 98 17 86 93 55 76 40 64 63 14 67 92 32 30 52 11 63 69 80 68 61 27 29 70 11 2 86 77 29 40 93 74 24 22 69 52 39 6 76 74 70 92 12 89 89 86 74 74 68 45 3 50 34 11 52 15 31 90 11 59 91 73 63 80 35 50 60 18 93 69 15 26 40 78 43 59 23 36 60 5 96 97 97 58 37 39 51 46 27 22 25 45 
10 77 71 79 4 48 85 12 62 78 37 4 5 78 23 42 74 56 21 4 19 33 63 8 4 99 71 80 48 81 43 92 38 56 92 17 81 42 71 24 7 73 56 46 91 81 40 17 38 14 2 93 19 24 20 52 26 47 12 50 51 63 6 58 81 75 31 68 52 91 73 74 39 86 52 48 84 23 97 30 6 2 79 26 15 65 54 26 50 65 13 75 32 6 28 44 10 56 89 16 
42 15 11 26 73 52 69 30 59 72 79 58 20 77 70 92 79 85 57 18 46 95 74 37 22 91 45 48 13 57 5 69 47 97 70 43 11 91 25 21 12 27 44 23 47 27 82 50 43 69 48 58 80 44 72 88 66 52 68 10 33 95 81 56 16 13 39 57 73 90 48 73 65 21 52 80 19 31 35 66 52 71 46 56 36 39 98 47 84 22 36 34 49 13 77 93 57 8 70 69 
12 98 97 27 64 92 58 60 48 63 53 5 24 64 99 77 27 49 95 10 96 19 52 94 54 15 42 80 94 69 46 94 62 54 35 79 13 4 79 79 41 62 88 65 88 56 62 63 49 94 85 99 43 45 23 44 62 3 23 7 60 4 85 4 23 59 73 78 37 20 74 12 62 90 11 22 42 12 48 97 30 23 78 88 21 69 45 62 87 40 98 40 89 56 66 8 78 17 15 82 
61 28 27 21 39 13 97 20 26 64 39 86 49 17 92 35 80 12 30 99 35 80 88 79 27 23 38 25 41 17 5 84 80 73 52 14 11 5 76 65 55 31 46 57 83 13 65 52 43 4 7 81 55 14 64 40 55 6 79 74 80 77 38 24 42 69 5 28 18 59 95 16 51 36 18 21 90 48 83 9 36 51 41 66 98 45 10 80 68 87 2 44 82 56 55 53 25 28 98 39 
84 19 47 9 76 85 31 6 32 23 53 53 89 44 66 14 7 54 28 94 64 25 22 27 6 24 55 23 50 38 49 67 2 16 10 45 99 93 66 5 13 53 54 60 55 77 45 27 40 12 71 18 21 63 43 18 82 86 8 31 49 73 4 24 68 55 69 39 98 56 94 78 69 66 85 52 39 91 13 99 50 75 39 13 47 12 43 79 12 45 42 95 90 80 73 62 85 96 72 95 
27 41 63 30 30 5 68 73 41 83 60 46 87 78 10 21 96 69 29 18 48 95 97 53 18 84 6 76 17 65 74 65 71 8 73 29 10 47 95 91 53 10 83 67 15 33 50 42 39 71 44 65 37 27 95 65 85 95 43 53 70 8 76 61 99 74 5 48 45 63 47 24 15 81 41 9 29 61 10 98 3 9 89 98 49 87 70 39 12 90 32 23 49 9 74 15 51 20 24 92 
39 86 91 8 3 57 92 20 43 4 46 90 32 5 77 61 76 94 83 72 3 33 75 89 50 35 65 64 39 61 5 79 14 39 66 67 39 39 66 17 31 95 41 46 78 2 38 36 3 52 63 51 58 64 51 81 58 61 99 21 87 30 45 22 45 17 34 77 81 99 18 20 89 7 82 9 99 51 40 37 32 98 3 48 98 98 3 75 85 81 55 34 51 61 22 71 33 93 10 9 
2 32 3 17 42 61 20 43 94 49 92 21 32 31 93 46 75 96 25 79 91 22 38 48 37 47 64 51 76 85 75 65 37 71 8 72 97 18 69 3 34 73 23 70 59 40 54 97 19 72 68 69 11 2 54 83 87 50 44 20 60 2 77 65 37 27 20 11 30 92 13 83 65 72 31 51 91 12 89 59 27 99 59 62 15 3 80 31 50 7 21 33 22 34 5 85 90 25 29 5 
59 32 36 85 45 15 85 93 35 28 72 80 44 21 76 40 13 33 53 18 85 78 93 61 94 85 91 15 94 98 17 82 44 6 10 15 60 74 82 58 79 63 67 98 20 2 78 90 98 62 77 94 19 90 31 4 66 12 35 37 86 67 5 55 18 86 53 65 51 36 82 22 78 91 25 73 81 59 37 70 34 29 23 11 60 24 24 28 55 30 28 39 75 17 40 97 86 35 42 28 
55 37 86 16 74 13 65 76 91 99 88 13 49 18 60 86 55 64 68 78 61 85 32 26 86 18 38 52 98 76 88 30 63 17 49 49 31 52 69 73 90 93 88 5 88 90 52 67 56 9 28 94 78 24 7 52 2 19 78 4 72 61 62 33 58 99 99 39 74 63 28 71 87 62 77 88 73 62 40 21 55 7 88 91 29 41 35 23 94 80 43 37 40 4 16 46 71 18 99 29 
83 99 49 47 73 40 78 63 21 72 50 99 53 71 83 55 82 11 55 99 73 9 15 73 67 18 75 93 11 48 71 5 96 5 90 85 70 97 52 65 2 38 83 43 92 81 30 71 46 82 80 70 12 49 33 35 39 97 25 32 51 81 70 55 76 20 58 63 18 28 97 76 80 50 34 13 60 74 25 23 5 81 7 94 2 61 74 83 58 84 95 25 78 18 23 3 39 42 38 37 
23 63 10 7 78 40 5 80 37 9 81 41 11 23 12 67 41 21 82 50 31 97 64 63 92 35 14 43 31 40 2 89 98 11 5 6 74 3 83 79 92 83 29 90 97 81 23 57 97 10 65 70 12 96 30 50 53 57 28 7 79 98 67 26 68 31 81 91 35 20 69 30 60 49 45 64 61 64 51 92 46 56 34 46 78 62 62 20 35 54 89 26 82 8 2 60 67 56 27 52 
89 5 79 70 23 95 89 96 28 38 27 53 37 98 88 82 74 70 54 82 55 42 18 72 54 47 61 69 29 65 31 13 18 99 53 91 59 86 13 64 32 94 53 10 68 56 72 90 91 30 55 8 4 40 90 16 65 24 71 14 2 80 12 4 95 10 4 7 4 76 61 73 13 92 56 13 31 89 53 23 81 40 14 14 10 55 94 37 43 73 20 5 65 6 62 85 54 94 25 38 
81 57 19 69 62 18 7 68 33 10 3 21 58 29 71 76 73 97 14 11 44 62 34 74 84 51 60 62 81 83 71 8 5 24 3 32 61 75 94 37 51 66 20 71 52 85 21 26 75 62 88 90 42 20 61 77 25 76 65 40 91 99 33 21 84 32 21 76 14 44 62 94 81 86 9 65 88 63 59 70 99 87 73 60 11 63 94 19 59 83 22 53 88 53 55 33 44 40 25 29 
21 56 56 11 13 86 97 96 19 42 45 12 41 58 76 45 34 74 49 60 5 55 81 19 60 57 69 84 81 83 91 76 61 78 46 7 76 79 58 88 44 27 10 5 93 28 44 62 68 98 48 42 47 47 58 42 32 20 18 77 31 49 63 77 25 36 49 46 86 98 51 81 29 87 39 19 2 70 15 81 86 8 2 36 15 33 99 84 6 35 23 22 3 94 49 29 39 8 99 62 
61 22 39 69 59 93 32 46 9 5 4 30 48 35 98 86 17 92 20 87 17 98 92 27 16 89 58 34 31 83 85 63 87 33 86 90 50 94 69 38 8 56 16 11 9 78 18 4 91 18 97 83 91 73 84 38 58 92 31 61 50 35 60 79 59 3 89 59 36 86 19 21 55 97 23 94 15 54 43 74 61 16 7 59 68 68 36 73 97 24 43 48 38 29 14 28 24 40 69 46 
68 44 89 79 91 81 97 23 34 22 80 80 79 4 29 79 57 69 6 86 8 94 64 71 91 72 68 20 50 92 24 99 8 79 18 24 88 68 81 36 61 24 21 21 15 41 66 76 56 79 89 67 67 53 30 77 64 52 8 69 97 38 42 73 52 32 68 10 34 65 76 55 16 97 27 6 43 98 34 52 40 99 16 15 98 64 50 76 41 25 23 61 59 84 18 52 38 66 81 18 
21 60 53 22 65 51 19 45 71 28 64 10 31 97 9 14 94 3 53 95 84 42 52 55 31 51 69 95 13 12 93 38 38 48 44 63 78 76 63 95 26 60 2 93 51 62 26 10 27 83 43 82 56 77 30 5 91 11 22 61 96 85 60 95 66 70 51 31 10 67 49 64 97 2 82 17 97 14 98 59 34 11 53 98 78 9 23 77 25 36 24 42 53 45 24 92 19 13 40 22 
38 45 2 16 28 97 74 21 19 33 42 43 3 88 80 71 53 97 23 63 46 25 3 75 14 33 45 85 75 6 75 32 6 92 99 63 55 19 17 27 83 65 17 62 20 36 26 35 49 76 3 39 25 77 3 66 25 83 21 84 72 61 92 21 30 47 49 81 31 39 77 59 52 44 4 42 82 87 54 50 88 71 46 63 28 36 81 14 31 9 44 20 39 63 17 65 38 18 85 56 
10 7 20 38 20 7 31 81 5 85 23 24 84 29 93 59 71 96 52 63 91 64 18 6 50 15 8 35 33 69 43 33 62 58 79 56 55 38 12 77 55 18 99 98 7 65 60 58 35 32 28 60 39 43 87 82 57 86 33 2 19 27 27 66 20 95 23 79 30 2 68 75 59 79 39 15 50 54 54 78 12 18 62 88 43 30 63 39 83 73 49 80 46 81 64 48 4 11 78 73 
99 46 80 77 75 23 38 87 37 30 82 71 38 13 63 62 11 39 85 83 57 37 17 18 66 84 29 8 90 3 9 12 83 76 2 64 39 96 88 65 38 62 84 89 83 94 77 71 70 49 92 76 87 23 22 34 47 45 14 66 17 43 71 93 52 10 41 13 56 5 76 35 85 4 36 20 34 4 55 41 8 28 31 36 51 56 28 82 24 4 86 2 81 58 68 63 70 36 20 45 
13 22 32 87 73 78 7 58 70 42 97 95 97 41 92 65 33 37 53 22 10 91 72 6 21 47 90 6 58 24 41 9 28 43 70 11 83 99 38 63 29 75 88 5 38 46 93 81 57 8 20 74 44 45 42 26 23 51 60 33 94 31 57 99 97 34 82 39 85 84 58 41 39 26 95 63 55 65 33 61 93 28 84 44 38 48 77 29 43 95 71 28 47 4 75 38 66 40 23 68 
73 61 13 20 84 83 68 13 29 17 79 37 21 68 64 27 6 59 17 5 10 14 14 49 9 63 77 61 5 17 73 32 39 34 59 77 45 23 70 57 27 75 27 82 79 7 11 93 67 55 73 90 28 81 74 86 30 45 29 26 64 38 84 6 86 96 40 50 43 97 80 71 16 51 86 69 61 64 41 51 27 11 52 50 11 59 73 71 17 86 78 78 45 13 45 95 86 9 15 25 
19 98 30 7 46 7 81 86 31 82 4 44 16 64 34 91 74 15 67 29 70 88 95 45 72 39 69 75 29 14 18 70 66 71 91 43 95 6 18 5 87 74 83 46 83 46 44 49 82 59 43 32 45 76 25 81 93 17 4 34 92 96 41 83 41 31 2 31 33 38 48 20 51 33 59 49 78 82 67 14 66 86 50 51 17 67 27 23 84 24 93 50 93 94 86 42 61 13 25 34 
45 20 46 11 94 61 10 61 97 30 95 52 34 99 69 24 26 15 49 21 4 59 53 49 85 45 78 13 53 85 65 34 82 67 58 73 21 41 16 82 37 33 10 29 28 9 18 64 96 59 49 90 74 91 94 46 59 10 49 81 24 38 82 67 49 86 63 4 53 65 88 31 43 73 68 81 46 41 17 79 46 71 42 96 8 37 27 44 92 78 49 50 74 38 13 61 80 48 2 31 
70 9 6 2 25 23 80 83 78 34 6 93 22 23 15 52 74 89 28 33 86 43 80 14 25 54 17 50 90 46 79 86 56 50 4 92 41 78 2 79 97 69 33 59 49 6 12 88 95 90 74 14 67 44 89 17 97 82 24 78 93 77 8 84 88 19 64 75 85 3 6 15 45 74 44 94 55 9 52 4 95 52 66 91 87 26 9 89 61 53 29 79 25 91 24 51 40 58 23 20 
66 55 53 41 76 56 20 28 50 15 12 98 6 7 20 42 84 92 84 50 16 42 26 70 9 73 66 9 72 48 52 99 54 52 75 39 46 58 96 22 9 39 12 8 34 88 65 31 24 79 47 36 76 69 6 63 57 62 7 65 95 85 27 25 77 69 65 70 84 15 87 10 90 55 49 41 24 60 14 14 27 44 37 71 57 37 28 38 19 33 47 5 34 42 17 12 46 85 20 57 
69 58 33 90 82 65 50 36 97 73 61 66 70 72 22 67 59 54 50 87 53 15 19 78 71 41 87 39 75 67 60 98 82 76 74 70 23 62 15 79 49 39 50 77 90 50 39 57 79 51 29 64 82 71 28 81 8 41 77 62 59 82 54 88 36 30 13 92 17 12 88 79 48 13 47 32 51 89 48 83 24 54 50 95 81 24 70 62 49 21 22 42 54 51 17 33 36 93 91 70 
87 92 42 30 72 21 47 90 35 93 92 89 12 44 37 16 58 26 50 94 44 65 48 65 38 93 80 33 45 56 43 82 47 89 24 46 68 8 84 81 17 99 88 63 59 48 9 49 71 84 90 40 12 68 26 65 52 57 91 66 6 73 6 76 3 46 95 93 63 27 60 65 93 64 82 45 73 99 79 39 6 10 65 67 74 78 85 38 52 26 78 8 4 21 48 15 48 34 4 61 
53 75 40 50 89 51 23 67 82 44 73 54 30 98 90 44 40 44 53 24 89 62 90 41 93 55 33 13 8 15 73 85 40 61 42 32 86 7 48 43 31 77 38 71 16 85 7 51 16 4 65 89 45 4 86 14 75 6 96 6 85 84 20 97 42 44 75 54 84 48 73 14 43 33 86 35 46 96 60 27 81 29 40 49 80 39 11 17 25 81 68 80 54 95 2 70 10 83 88 29 
15 47 8 60 40 61 2 62 76 44 24 94 97 40 44 41 51 94 49 5 79 3 15 81 69 38 60 45 2 32 83 99 60 74 58 61 22 84 97 70 4 80 12 92 30 10 37 21 8 52 16 69 3 31 32 67 13 48 86 98 52 36 77 51 31 92 65 43 30 8 51 76 19 46 87 89 73 46 70 37 87 26 4 9 78 49 80 88 28 70 55 11 7 99 3 69 57 99 39 90 
78 17 10 13 17 44 36 31 82 3 8 7 81 85 41 59 48 72 87 15 44 7 84 64 13 39 42 11 36 10 14 4 58 5 15 33 64 8 49 20 75 50 66 59 78 3 91 18 18 72 45 90 80 16 17 83 87 69 84 33 72 72 93 99 57 36 10 41 67 63 78 72 7 69 5 21 88 69 90 27 4 57 47 68 80 89 65 88 69 96 57 63 48 66 80 61 53 7 37 97 
80 62 14 39 80 11 7 19 14 11 54 92 60 84 52 67 47 14 75 73 23 66 42 7 20 95 84 7 82 34 36 43 46 58 34 43 37 17 60 23 39 13 23 68 53 54 13 72 11 70 55 67 32 69 22 60 41 29 62 21 35 64 44 19 43 28 95 33 94 64 83 70 17 58 8 55 87 41 89 47 84 97 44 70 76 44 20 62 21 57 90 68 95 43 4 97 61 42 11 39 
67 41 93 64 18 53 78 87 39 41 66 49 39 32 88 84 16 97 84 56 96 3 59 37 6 71 80 33 91 2 64 91 59 23 74 86 42 34 78 40 63 85 98 74 12 10 26 81 52 93 62 53 89 84 74 68 60 55 14 31 39 69 2 21 8 23 75 77 37 65 80 80 83 87 38 63 55 82 93 71 30 5 70 29 16 52 55 85 49 14 74 52 40 99 71 27 79 97 73 26 
49 41 58 29 68 76 69 48 47 43 95 96 53 8 90 76 51 4 77 67 18 6 29 48 86 81 15 22 74 50 84 76 16 16 7 25 90 81 11 40 28 7 41 76 53 29 64 9 88 49 27 15 67 47 7 77 91 22 85 65 71 98 55 57 57 7 38 58 67 85 79 77 22 51 23 26 56 73 41 85 18 79 35 17 92 18 40 73 94 35 18 90 79 39 57 58 93 84 15 43 
21 19 50 81 44 11 82 68 93 57 28 68 16 57 56 36 44 85 65 30 95 19 59 92 66 40 40 74 97 97 9 12 41 78 44 26 44 19 19 55 17 13 68 53 84 97 89 42 65 29 9 50 9 41 46 99 16 50 45 35 65 42 11 12 2 85 40 74 11 42 64 58 43 6 73 6 16 82 82 69 80 33 34 37 82 88 59 63 78 31 76 78 16 41 96 86 16 92 79 74 
43 33 14 95 22 85 46 93 58 90 3 23 23 28 98 4 18 84 65 72 54 89 46 41 32 57 52 90 31 80 9 23 16 11 4 14 59 21 97 92 87 54 27 54 26 27 38 20 74 14 39 86 42 45 24 96 45 41 21 40 73 55 37 49 3 53 56 2 29 13 29 43 68 79 53 30 44 49 38 73 30 15 50 41 87 57 14 27 50 70 18 59 75 52 40 49 28 97 43 46 
71 80 79 26 25 52 90 73 53 97 24 44 66 62 67 65 7 32 55 5 65 86 18 71 14 77 58 95 14 21 78 50 48 55 53 89 94 94 4 34 54 83 52 51 10 50 90 31 53 92 45 16 96 56 30 73 94 10 97 93 35 14 99 97 14 9 86 17 53 93 31 5 11 96 79 56 43 78 93 37 67 65 29 17 75 47 94 61 45 77 32 15 25 68 91 61 75 95 74 96 
59 60 33 5 96 3 66 15 88 67 35 37 17 60 94 92 91 16 65 40 93 27 32 69 43 40 20 8 75 81 60 57 2 96 50 3 98 17 25 58 9 35 89 65 76 92 21 10 89 82 63 12 5 4 2 13 99 73 99 78 59 36 67 89 14 42 38 85 69 93 46 88 34 25 11 83 76 3 96 93 73 95 11 89 93 75 42 90 5 14 55 77 55 49 33 26 94 86 33 69 
5 68 49 35 75 45 68 97 5 89 59 11 9 64 32 13 37 81 52 54 50 32 42 91 57 19 49 30 41 88 27 14 41 93 53 42 15 94 55 41 26 77 67 59 37 25 42 65 98 6 40 68 60 27 15 94 6 87 82 78 63 2 88 63 27 22 34 86 47 72 36 90 88 67 85 20 10 77 98 91 5 50 67 21 5 22 22 10 79 44 92 43 94 6 34 90 11 92 78 11 
93 39 33 59 73 68 6 92 20 86 82 86 32 51 63 45 26 41 86 18 70 21 42 99 33 73 31 86 50 85 68 61 37 7 79 62 39 37 56 92 29 67 21 4 89 99 58 38 45 38 16 84 95 32 55 29 96 41 99 91 82 60 83 26 81 91 56 10 14 35 62 38 78 73 48 70 96 61 22 7 43 86 9 66 93 26 87 75 95 77 69 95 76 21 35 24 48 71 60 33 
68 45 83 76 8 84 59 48 21 78 42 51 64 58 27 62 44 8 70 3 26 35 26 22 20 51 34 50 30 49 77 15 80 21 11 62 17 7 23 38 88 7 82 90 2 27 66 72 22 51 53 89 16 3 26 66 28 11 59 93 31 57 38 84 9 94 60 52 19 70 97 9 13 42 70 61 10 16 31 32 18 52 95 35 12 64 52 15 63 37 17 25 82 50 81 71 5 48 91 44 
27 12 83 66 4 2 28 50 68 17 9 48 32 12 17 63 82 65 29 45 31 14 51 39 15 24 9 48 74 6 27 30 5 15 36 19 93 98 85 13 9 50 95 65 4 4 5 79 60 70 41 51 39 6 36 75 5 87 25 40 21 36 79 16 49 2 55 17 72 77 60 60 95 28 49 61 69 91 10 46 98 21 9 45 43 50 10 41 22 27 60 93 98 17 75 2 99 22 90 36 
46 42 76 93 46 59 70 88 21 6 15 36 5 37 71 28 27 30 75 9 30 39 16 18 23 8 25 29 4 76 75 64 26 87 53 70 63 44 35 95 16 97 72 92 45 14 30 49 92 43 6 30 46 61 25 89 95 74 47 67 83 43 63 85 68 81 83 25 14 20 12 10 19 59 98 91 84 95 79 88 50 62 6 84 84 22 21 28 20 6 27 42 64 84 43 33 60 98 45 22 
49 74 79 49 39 25 75 19 31 69 14 33 39 41 40 60 11 10 90 82 36 56 7 56 91 58 98 24 69 72 96 32 21 63 41 82 28 46 50 82 60 69 34 33 52 74 46 10 51 14 74 4 66 29 3 7 28 55 61 98 43 64 82 99 32 3 31 4 32 13 96 79 2 34 62 17 45 72 56 63 82 41 90 26 67 8 57 6 66 20 70 49 86 25 58 95 70 33 17 51 
87 29 31 25 44 25 68 73 58 21 66 45 45 70 9 33 38 20 83 18 56 34 87 24 95 78 33 72 62 61 40 90 28 11 31 86 31 95 68 40 32 52 46 22 38 36 14 67 52 66 92 67 6 68 23 81 64 66 91 44 72 59 61 69 65 89 69 89 61 74 63 74 46 8 86 96 48 68 67 22 24 3 27 90 46 23 65 81 25 67 77 97 11 46 17 59 80 34 92 36 
98 39 98 23 28 10 54 37 17 29 89 71 77 54 89 55 98 56 55 57 29 71 68 57 91 83 32 81 36 29 5 93 60 95 44 51 6 87 40 54 15 3 44 83 36 56 28 94 72 94 16 98 24 87 10 81 64 55 12 41 25 67 79 38 81 51 74 40 90 56 42 93 67 99 9 77 38 36 40 85 35 89 51 21 97 33 48 63 3 39 77 41 92 27 52 71 65 2 88 28 
52 34 83 32 25 72 13 62 91 80 40 8 18 54 52 86 24 30 85 70 30 9 97 22 84 52 66 14 60 41 32 75 49 24 56 20 59 21 2 22 85 33 21 69 3 30 82 46 99 23 99 42 68 3 64 56 86 47 24 13 53 57 33 58 10 98 86 17 33 11 99 71 4 80 62 25 94 46 62 32 47 25 34 44 31 14 3 30 26 47 87 48 7 35 92 69 95 87 59 36 
4 33 20 42 17 82 26 26 26 9 58 76 52 69 85 84 75 34 7 52 72 72 2 16 20 86 45 65 48 89 95 18 81 18 54 81 95 18 47 95 87 36 84 85 10 25 3 51 63 18 95 17 70 57 57 99 4 16 95 15 24 52 23 45 40 10 70 66 18 69 91 63 59 50 15 87 80 48 13 47 77 47 95 39 3 38 92 33 6 22 97 5 3 26 54 56 63 88 30 17 
72 70 91 20 9 34 18 34 21 96 55 93 89 30 67 48 56 5 71 8 86 71 25 75 53 55 47 55 46 28 67 42 85 94 16 2 99 61 34 60 6 48 65 17 94 38 56 69 30 53 56 98 8 82 96 98 15 48 46 15 22 61 74 9 60 65 86 45 14 7 99 90 24 58 77 34 78 69 89 38 35 29 7 37 75 12 19 47 22 28 39 8 60 25 17 96 71 80 69 85 
