1921
100
99 85
98 84
97 84
96 83
95 82
94 83
93 82
92 82
91 83
90 82
89 83
88 82
87 82
86 81
85 81
84 80
83 81
82 82
81 82
80 82
79 81
78 80
77 80
76 79
75 79
74 78
73 79
72 80
71 81
70 80
69 81
68 82
67 81
66 82
65 82
64 83
63 84
62 83
61 82
60 82
59 81
58 81
57 80
56 79
55 78
54 78
53 77
52 77
51 76
50 77
49 78
48 79
47 79
46 78
45 78
44 79
43 79
42 78
41 77
40 77
39 77
38 78
37 79
36 79
35 79
34 80
33 80
32 81
31 82
30 82
29 81
28 82
27 82
26 83
25 82
24 82
23 81
22 81
21 82
20 81
19 80
18 79
17 79
16 78
15 79
14 79
13 79
12 79
11 80
10 80
9 80
8 80
7 81
6 82
5 81
4 82
3 82
2 82
1 81
0 81
9249
