5065
500
499 35
498 35
497 34
496 34
495 34
494 33
493 32
492 32
491 33
490 34
489 33
488 34
487 34
486 35
485 34
484 34
483 35
482 34
481 33
480 33
479 33
478 33
477 32
476 31
475 30
474 29
473 28
472 28
471 28
470 27
469 27
468 28
467 27
466 26
465 27
464 27
463 26
462 25
461 24
460 24
459 23
458 23
457 23
456 23
455 22
454 22
453 21
452 22
451 22
450 23
449 23
448 24
447 25
446 26
445 27
444 28
443 29
442 29
441 29
440 30
439 31
438 31
437 32
436 32
435 31
434 30
433 31
432 31
431 32
430 32
429 31
428 31
427 32
426 33
425 33
424 33
423 32
422 31
421 32
420 31
419 30
418 30
417 30
416 31
415 32
414 32
413 32
412 33
411 33
410 32
409 33
408 32
407 33
406 33
405 32
404 32
403 31
402 31
401 31
400 31
399 32
398 31
397 30
396 30
395 29
394 29
393 29
392 29
391 29
390 28
389 27
388 28
387 28
386 29
385 30
384 31
383 32
382 33
381 34
380 35
379 35
378 36
377 37
376 38
375 38
374 38
373 39
372 38
371 37
370 37
369 36
368 35
367 34
366 34
365 33
364 33
363 33
362 32
361 32
360 32
359 32
358 31
357 30
356 29
355 30
354 29
353 28
352 27
351 27
350 27
349 28
348 29
347 30
346 31
345 32
344 31
343 32
342 32
341 33
340 32
339 32
338 32
337 32
336 31
335 32
334 32
333 32
332 31
331 30
330 30
329 31
328 31
327 30
326 31
325 30
324 31
323 30
322 30
321 30
320 31
319 31
318 32
317 31
316 30
315 31
314 32
313 31
312 32
311 32
310 33
309 34
308 33
307 33
306 33
305 32
304 31
303 32
302 32
301 31
300 31
299 32
298 31
297 31
296 31
295 31
294 30
293 30
292 31
291 32
290 33
289 34
288 35
287 34
286 35
285 36
284 36
283 35
282 34
281 35
280 36
279 37
278 38
277 37
276 37
275 36
274 35
273 35
272 35
271 35
270 34
269 33
268 32
267 33
266 34
265 35
264 35
263 36
262 35
261 35
260 35
259 35
258 35
257 35
256 36
255 35
254 35
253 36
252 36
251 35
250 35
249 34
248 34
247 34
246 34
245 33
244 34
243 35
242 36
241 37
240 36
239 36
238 36
237 36
236 36
235 37
234 37
233 38
232 37
231 36
230 35
229 36
228 36
227 37
226 38
225 38
224 39
223 39
222 38
221 39
220 38
219 37
218 36
217 36
216 37
215 37
214 36
213 37
212 37
211 38
210 39
209 39
208 40
207 41
206 41
205 42
204 41
203 41
202 42
201 43
200 44
199 44
198 45
197 46
196 46
195 47
194 48
193 49
192 49
191 48
190 49
189 50
188 49
187 50
186 50
185 50
184 49
183 50
182 51
181 52
180 51
179 50
178 50
177 50
176 49
175 50
174 49
173 49
172 49
171 48
170 47
169 46
168 45
167 44
166 44
165 43
164 43
163 44
162 44
161 45
160 44
159 45
158 44
157 43
156 43
155 42
154 43
153 43
152 42
151 41
150 42
149 43
148 43
147 43
146 44
145 44
144 43
143 43
142 44
141 45
140 46
139 46
138 46
137 47
136 48
135 49
134 48
133 47
132 47
131 46
130 45
129 46
128 46
127 46
126 47
125 47
124 48
123 48
122 48
121 47
120 47
119 47
118 48
117 47
116 46
115 46
114 47
113 48
112 49
111 50
110 50
109 49
108 49
107 49
106 50
105 49
104 48
103 48
102 49
101 49
100 49
99 50
98 51
97 51
96 50
95 50
94 50
93 50
92 50
91 51
90 51
89 51
88 51
87 51
86 50
85 49
84 50
83 51
82 51
81 52
80 53
79 52
78 53
77 52
76 52
75 52
74 52
73 52
72 51
71 50
70 50
69 50
68 49
67 49
66 48
65 49
64 50
63 49
62 48
61 49
60 50
59 51
58 52
57 53
56 54
55 55
54 55
53 56
52 56
51 57
50 58
49 59
48 60
47 61
46 61
45 62
44 62
43 63
42 62
41 62
40 62
39 63
38 64
37 64
36 65
35 66
34 67
33 67
32 67
31 66
30 66
29 67
28 67
27 68
26 69
25 68
24 68
23 68
22 68
21 67
20 68
19 69
18 69
17 69
16 70
15 70
14 70
13 71
12 70
11 71
10 71
9 70
8 71
7 71
6 72
5 72
4 72
3 73
2 74
1 73
0 72
242146
