30025
643
249
284
21
461
190
327
103
340
166
321
462
129
181
458
243
332
279
404
392
12
139
408
447
48
235
134
36
170
362
212
131
213
210
6
155
287
148
489
241
263
487
391
40
163
34
421
485
360
145
110
273
469
95
429
183
410
158
199
57
290
151
437
37
66
299
384
162
33
83
173
496
209
394
115
401
366
16
298
244
405
72
296
433
122
471
255
70
13
89
268
44
140
260
407
282
117
438
224
141
157
286
161
398
251
333
120
283
203
22
176
436
302
178
102
204
18
377
352
47
125
324
142
426
73
316
275
39
395
128
319
147
345
325
211
456
4
350
218
149
30
214
323
168
285
444
427
265
51
207
24
227
164
430
80
239
326
459
229
9
491
58
152
242
197
422
62
133
358
138
104
46
49
383
59
301
295
74
126
387
385
431
228
171
180
403
111
291
494
349
32
477
14
189
306
480
486
329
474
266
127
450
20
136
75
386
7
123
484
309
91
113
411
389
175
154
254
3
116
363
406
303
374
289
468
132
35
365
274
465
60
339
78
98
63
61
418
571
635
725
578
566
908
797
846
594
572
832
530
701
623
504
940
639
558
531
925
539
518
698
819
932
565
970
685
656
658
978
637
702
829
710
626
914
690
891
788
588
937
533
584
739
880
563
793
699
540
508
997
724
593
865
837
852
774
617
523
608
528
631
328
441
454
53
432
336
253
97
27
451
314
114
42
370
355
497
413
448
313
81
185
346
417
351
337
234
246
353
124
23
108
443
397
144
188
208
67
388
226
396
470
15
194
354
439
206
281
463
442
10
99
159
446
343
376
270
65
236
312
393
17
320
288
143
5
64
29
466
256
26
390
369
264
280
368
137
445
318
414
96
55
69
79
82
381
424
267
231
361
182
412
238
54
28
460
2
258
245
818
669
881
704
893
904
677
919
625
957
689
515
719
753
693
759
536
727
579
902
767
514
876
551
945
501
629
676
917
999
560
975
770
790
762
582
597
641
943
524
691
821
735
613
910
526
861
557
755
549
857
519
655
541
575
525
612
569
723
502
544
796
670
768
834
713
553
825
547
667
651
732
506
748
993
616
951
786
718
747
844
507
749
733
605
798
867
882
987
947
640
942
984
696
580
603
817
873
511
672
542
958
953
928
662
700
604
589
650
900
761
599
895
835
703
600
874
682
680
659
576
871
734
804
968
686
642
671
887
854
921
766
830
909
843
517
805
556
853
758
694
717
624
795
706
814
687
789
666
764
543
807
890
863
907
913
872
763
799
922
512
930
875
803
936
552
782
688
771
991
778
707
868
903
679
614
745
609
792
812
607
956
705
996
850
574
741
806
647
513
905
960
969
840
546
756
622
883
632
561
711
716
583
750
581
918
721
663
695
729
884
754
934
791
692
678
664
920
980
912
959
636
847
842
538
841
816
731
675
941
550
587
988
801
628
916
505
709
643
870
722
815
824
866
849
742
851
